-3.6831024980e-01 -6.9354910436e-01 -7.8412156891e-01 -6.3616583753e-01 -2.8560658074e-01 
-4.1899111347e-01 -7.7217629245e-01 -8.3521049956e-01 -6.4352983667e-01 2.9660988990e-01 
-3.4988668490e-01 -6.0703102728e-01 -6.2775960621e-01 6.1956802638e-01 -2.2827147105e-01 
-2.6815656301e-01 -4.2249905806e-01 -4.1209145357e-01 4.6768238585e-01 2.0107108046e-01 
-2.7182989988e-01 -4.9889800291e-01 6.1990445972e-01 -4.7647874953e-01 -2.4445258634e-01 
-2.1727478775e-01 -3.8822590288e-01 4.1448335716e-01 -2.1229724329e-01 2.2543861681e-01 
-1.4967106564e-01 -2.8814459495e-01 1.3303259981e-01 3.2686401283e-01 -4.8619304712e-02 
-6.3647465176e-02 -8.1071629648e-02 -1.6509417772e-01 -5.0070933546e-02 3.9332155689e-03 
-2.9899933612e-01 3.4533736144e-01 -6.7586083316e-01 -5.5635726959e-01 -2.8438896674e-01 
-2.8622362311e-01 1.9330765815e-01 -4.5744248824e-01 -1.7643109146e-01 2.6127625523e-01 
-2.3956152171e-01 -5.5391477324e-02 -2.9340661901e-01 3.9665749001e-01 -1.3600946592e-02 
-1.3113347869e-01 -2.9573761483e-01 8.7072044706e-02 -6.2184557784e-02 -2.5543654166e-02 
-2.4034884010e-01 -2.4709987119e-02 3.2529432537e-01 -2.1510778148e-01 -8.5477544379e-02 
-1.3656161764e-01 -2.7954289723e-01 -4.0775254419e-02 2.2868238981e-01 4.4580110193e-02 
-2.8618992097e-02 -4.1798695522e-01 -2.7068245147e-01 -5.8798695647e-02 2.0673211788e-01 
3.1549783642e-02 -5.2029329759e-01 -5.6492918531e-01 -4.5737030829e-01 -2.4060765350e-01 
3.1436813090e-02 -5.2017499799e-01 -5.6541504109e-01 -4.5766623006e-01 -2.4085442648e-01 
-2.8676321595e-02 -4.1767755042e-01 -2.7049472685e-01 -5.8798302112e-02 2.0718873045e-01 
-1.3645066461e-01 -2.7952653285e-01 -4.1035846989e-02 2.2862741446e-01 4.4576983558e-02 
-2.4043728659e-01 -2.4892194455e-02 3.2502406494e-01 -2.1496297879e-01 -8.5352159973e-02 
-1.3101294786e-01 -2.9580620051e-01 8.7007246488e-02 -6.1909904734e-02 -2.5549357329e-02 
-2.3949305701e-01 -5.5570155954e-02 -2.9333460374e-01 3.9638049501e-01 -1.3519800486e-02 
-2.8654376933e-01 1.9286181938e-01 -4.5748860301e-01 -1.7643086597e-01 2.6130133263e-01 
-2.9897385521e-01 3.4548470318e-01 -6.7655053607e-01 -5.5659635203e-01 -2.8424847873e-01 
-6.3510594167e-02 -8.0948339005e-02 -1.6542713101e-01 -5.0324054654e-02 3.7732081045e-03 
-1.4960814664e-01 -2.8817416993e-01 1.3311404705e-01 3.2691204020e-01 -4.8591450293e-02 
-2.1724235659e-01 -3.8816356602e-01 4.1453564427e-01 -2.1203140933e-01 2.2546466159e-01 
-2.7181694781e-01 -4.9873931797e-01 6.1948632812e-01 -4.7628413959e-01 -2.4426440303e-01 
-2.6822868916e-01 -4.2260300538e-01 -4.1225734808e-01 4.6796187132e-01 2.0104980667e-01 
-3.4961702355e-01 -6.0674005218e-01 -6.2772745552e-01 6.1940796577e-01 -2.2823047125e-01 
-4.1899062669e-01 -7.7183669004e-01 -8.3540540550e-01 -6.4382957434e-01 2.9649334069e-01 
-3.6843024083e-01 -6.9395719269e-01 -7.8499048019e-01 -6.3643112645e-01 -2.8568997827e-01 


-1.0607105774e-01 -8.1363018536e-02 2.8167018655e-04 7.8687193549e-02 9.2978906852e-02 
-1.7743852908e-01 -2.8122912473e-01 -3.3380542764e-01 -2.8249211225e-01 -5.1659852964e-02 
-2.6519429935e-01 -4.6421722827e-01 -5.2164218591e-01 1.7385736815e-01 -1.5720653625e-01 
-3.5218341128e-01 -6.5658751790e-01 -7.8096607069e-01 5.2619139443e-01 1.9115862959e-01 
-2.3756109075e-01 -3.8103599126e-01 4.8742477673e-01 -2.9618546291e-01 -1.2547388364e-01 
-3.3187112329e-01 -6.0285548015e-01 8.0091177947e-01 -6.4932007702e-01 1.5732677636e-01 
-3.5989647913e-01 -7.1649981720e-01 8.0403827779e-01 4.5449558779e-01 -3.3109622909e-01 
-3.4535713402e-01 -7.2146449423e-01 8.6620817581e-01 6.8076185843e-01 3.3460743949e-01 
-1.8467804393e-01 6.1014538275e-01 -3.7171830039e-01 -3.5131880561e-01 -1.7233730580e-01 
-2.6458680086e-01 7.9913774796e-01 -6.4283620027e-01 -6.1969724012e-01 2.0601285889e-01 
-3.1425299874e-01 7.6031076154e-01 -8.0591830527e-01 5.2432183852e-01 -3.0068502053e-01 
-3.3484800631e-01 7.2089368000e-01 -8.4250627729e-01 6.4045333180e-01 3.0005725112e-01 
-3.7009564009e-01 6.2468071114e-01 6.9827578005e-01 -6.8153765689e-01 -2.8933170280e-01 
-4.1584853322e-01 6.5824067890e-01 7.8682286973e-01 -6.8971694117e-01 2.9841615183e-01 
-4.5414776686e-01 6.5053276466e-01 8.1539407511e-01 7.1269016607e-01 -2.8905356442e-01 
-3.8247436026e-01 5.0744238344e-01 6.3197677798e-01 5.6495149659e-01 2.6109366031e-01 
3.8262688403e-01 -5.0726826057e-01 -6.3240625377e-01 -5.6483882953e-01 -2.6118556187e-01 
4.5403538905e-01 -6.5033916884e-01 -8.1542399310e-01 -7.1246696703e-01 2.8932829912e-01 
4.1564456653e-01 -6.5824486903e-01 -7.8691029748e-01 6.8970896869e-01 -2.9836238989e-01 
3.7034592829e-01 -6.2488163667e-01 -6.9808813547e-01 6.8146271564e-01 2.8956404271e-01 
3.3480976229e-01 -7.2110141330e-01 8.4198399655e-01 -6.4128646070e-01 -3.0004431597e-01 
3.1386042122e-01 -7.6072622209e-01 8.0583117163e-01 -5.2438029477e-01 3.0092894308e-01 
2.6470533200e-01 -7.9948988970e-01 6.4307183289e-01 6.2005632897e-01 -2.0603939956e-01 
1.8466402464e-01 -6.0988278146e-01 3.7163899782e-01 3.5129041962e-01 1.7220625344e-01 
3.4521123526e-01 7.2157989630e-01 -8.6620364295e-01 -6.8109748929e-01 -3.3467869577e-01 
3.6026438249e-01 7.1675652414e-01 -8.0408473372e-01 -4.5416222546e-01 3.3109446433e-01 
3.3185947275e-01 6.0303830421e-01 -8.0084695235e-01 6.4950965531e-01 -1.5738293659e-01 
2.3763677097e-01 3.8121936361e-01 -4.8699407808e-01 2.9611932619e-01 1.2556864593e-01 
3.5236681813e-01 6.5644547463e-01 7.8083362346e-01 -5.2618847831e-01 -1.9120726991e-01 
2.6514691167e-01 4.6445414653e-01 5.2175754736e-01 -1.7434971091e-01 1.5732573947e-01 
1.7762588821e-01 2.8157476300e-01 3.3396594830e-01 2.8260973503e-01 5.1653142306e-02 
1.0632540294e-01 8.1855645231e-02 3.3559401223e-04 -7.8693896618e-02 -9.2781493716e-02 


-1.2069386868e+00 -9.3779869269e-01 -6.6748427019e-01 -3.9916104216e-01 -1.4178174021e-01 
-1.2316241366e+00 -9.8261506523e-01 -7.1304213543e-01 -4.3064441745e-01 1.4187190673e-01 
-1.2367195173e+00 -9.8736260070e-01 -7.1090867606e-01 3.9917751655e-01 -1.5557356868e-01 
-1.2249384663e+00 -9.5889798411e-01 -6.7298548813e-01 4.3070770824e-01 1.5565012457e-01 
-1.2252408984e+00 -9.5753343387e-01 6.6720319410e-01 -3.8973024895e-01 -1.3378478329e-01 
-1.2314056451e+00 -9.7392366665e-01 7.1296892178e-01 -3.8920274510e-01 1.3382062142e-01 
-1.2209185611e+00 -9.5544031076e-01 7.1094673451e-01 3.8980868524e-01 -1.3410795755e-01 
-1.2006753566e+00 -9.1141589993e-01 6.7296072441e-01 3.8916178784e-01 1.3402532053e-01 
-1.2006856899e+00 9.3767105987e-01 -6.3244569213e-01 -3.5906592450e-01 -1.2203845578e-01 
-1.2208991952e+00 9.8261043036e-01 -6.7093909954e-01 -3.7310556119e-01 1.2212432240e-01 
-1.2314423157e+00 9.8755940516e-01 -6.7020713513e-01 3.5921208608e-01 -1.2909035738e-01 
-1.2252195925e+00 9.5893273036e-01 -6.2737908055e-01 3.7302682927e-01 1.2907384416e-01 
-1.2249221629e+00 9.5764526553e-01 6.3256260172e-01 -3.8758100120e-01 -1.3738225948e-01 
-1.2368097190e+00 9.7384150537e-01 6.7087554783e-01 -3.5999480142e-01 1.3741020278e-01 
-1.2315795675e+00 9.5534539023e-01 6.7024016917e-01 3.8757122765e-01 -1.2340368247e-01 
-1.2068078524e+00 9.1127621958e-01 6.2732170698e-01 3.5985869497e-01 1.2329651452e-01 
1.2068468420e+00 -9.1141165487e-01 -6.2736516845e-01 -3.5991484423e-01 -1.2334119971e-01 
1.2316201993e+00 -9.5542270689e-01 -6.7030821064e-01 -3.8751797077e-01 1.2346052447e-01 
1.2368497668e+00 -9.7392198698e-01 -6.7092212786e-01 3.5997837423e-01 -1.3741919038e-01 
1.2248894265e+00 -9.5761319953e-01 -6.3257654911e-01 3.8761068164e-01 1.3743874284e-01 
1.2252408277e+00 -9.5891605372e-01 6.2736748260e-01 -3.7317064348e-01 -1.2907954563e-01 
1.2315092389e+00 -9.8752605265e-01 6.7030286699e-01 -3.5921048646e-01 1.2912624757e-01 
1.2208290709e+00 -9.8257375306e-01 6.7091465967e-01 3.7316614872e-01 -1.2212433460e-01 
1.2007052500e+00 -9.3767268320e-01 6.3248347502e-01 3.5905270848e-01 1.2198438119e-01 
1.2007243426e+00 9.1132107720e-01 -6.7294879692e-01 -3.8919302370e-01 -1.3404198542e-01 
1.2208638505e+00 9.5535931959e-01 -7.1098259854e-01 -3.8979375642e-01 1.3407362936e-01 
1.2314339408e+00 9.7387877181e-01 -7.1292167875e-01 3.8917354293e-01 -1.3384202387e-01 
1.2252269334e+00 9.5754363668e-01 -6.6726083813e-01 3.8975798309e-01 1.3374221734e-01 
1.2248768226e+00 9.5887944661e-01 6.7293646566e-01 -4.3074573096e-01 -1.5563740399e-01 
1.2367777370e+00 9.8736678232e-01 7.1093248906e-01 -3.9917141421e-01 1.5558269021e-01 
1.2316245591e+00 9.8261670845e-01 7.1305633758e-01 4.3074625887e-01 -1.4186047566e-01 
1.2069842101e+00 9.3789867451e-01 6.6753658141e-01 3.9916639058e-01 1.4176886718e-01 


1.4875350594e+03 3.9217143486e+03 4.9429039055e+03 3.5659541000e+03 1.0557359267e+03 
1.4230710380e+03 3.5356135787e+03 4.0713017441e+03 2.5514471528e+03 1.0566387632e+03 
1.3281750725e+03 3.0646107003e+03 3.2959732763e+03 3.5688617002e+03 8.1545134751e+02 
1.2721285317e+03 2.8102056372e+03 2.9843971066e+03 2.5525144030e+03 8.1623679351e+02 
1.2412261648e+03 2.6959791576e+03 4.9468587644e+03 2.4523614843e+03 8.6164891220e+02 
1.2341821660e+03 2.7360079211e+03 4.0725659967e+03 2.5248432731e+03 8.6225341548e+02 
1.2043196707e+03 2.7496628347e+03 3.2946445929e+03 2.4523296839e+03 8.8025626043e+02 
1.1745895817e+03 2.7265339340e+03 2.9840194540e+03 2.5255075636e+03 8.7934891131e+02 
1.1744129029e+03 3.9221192966e+03 3.2659442960e+03 2.7530271640e+03 9.2069792489e+02 
1.2042620690e+03 3.5322027006e+03 3.3922521081e+03 2.4917480437e+03 9.2193869084e+02 
1.2338222079e+03 3.0620184921e+03 3.6658454763e+03 2.7575889965e+03 8.5399596399e+02 
1.2417480812e+03 2.8104985094e+03 3.9533620773e+03 2.4898405793e+03 8.5383253580e+02 
1.2717421169e+03 2.6947454565e+03 3.2692498728e+03 2.5294560388e+03 8.3595440996e+02 
1.3274647467e+03 2.7361961261e+03 3.3901109793e+03 3.1400160253e+03 8.3585242228e+02 
1.4217454026e+03 2.7523528864e+03 3.6655414558e+03 2.5283513223e+03 9.8867019576e+02 
1.4859680301e+03 2.7254038892e+03 3.9458492342e+03 3.1359455701e+03 9.8716704954e+02 
1.4874557941e+03 2.7238482996e+03 3.9482304126e+03 3.1380788672e+03 9.8799953243e+02 
1.4221646022e+03 2.7503227871e+03 3.6646956511e+03 2.5271450752e+03 9.9031238616e+02 
1.3266335691e+03 2.7371172330e+03 3.3910422042e+03 3.1417310956e+03 8.3638802503e+02 
1.2723851151e+03 2.6955900832e+03 3.2682699346e+03 2.5292167359e+03 8.3667371180e+02 
1.2413465810e+03 2.8111821017e+03 3.9523619496e+03 2.4920769390e+03 8.5366091600e+02 
1.2325824781e+03 3.0636948910e+03 3.6665832474e+03 2.7554816607e+03 8.5487185914e+02 
1.2055516429e+03 3.5352911230e+03 3.3934992233e+03 2.4933073388e+03 9.2189356086e+02 
1.1739295126e+03 3.9236153582e+03 3.2681847715e+03 2.7553895019e+03 9.2017023614e+02 
1.1740591167e+03 2.7267326492e+03 2.9845304173e+03 2.5269381888e+03 8.8013116049e+02 
1.2048091839e+03 2.7514086853e+03 3.2955138948e+03 2.4513445677e+03 8.8012918563e+02 
1.2340579570e+03 2.7371191932e+03 4.0707334071e+03 2.5261494040e+03 8.6226058838e+02 
1.2415682181e+03 2.6954684954e+03 4.9446914297e+03 2.4518543906e+03 8.6073443353e+02 
1.2725936206e+03 2.8106025223e+03 2.9844571661e+03 2.5532772759e+03 8.1613693956e+02 
1.3269455773e+03 3.0632157408e+03 3.2960313683e+03 3.5690176527e+03 8.1539493419e+02 
1.4227436475e+03 3.5328016077e+03 4.0721319088e+03 2.5519468223e+03 1.0563485520e+03 
1.4867228196e+03 3.9221218339e+03 4.9433229321e+03 3.5648134327e+03 1.0549445028e+03 


-3.8732580539e-01 2.3932698716e-01 6.4910276674e-01 6.5164087241e-01 2.9047003652e-01 
-3.5157984244e-01 3.3969853971e-01 7.2813132868e-01 6.2704536641e-01 -2.0168733935e-01 
-3.1915739118e-01 4.1401604674e-01 8.0477138954e-01 -1.9979698779e-02 2.8934913672e-01 
-2.9494076176e-01 4.5754315152e-01 8.9066586957e-01 -1.8718657106e-01 -2.5754122770e-01 
-2.4034919812e-01 5.8684528030e-01 7.7763274974e-01 5.4604458437e-01 1.2967496849e-01 
-1.3821250930e-01 8.4497034780e-01 5.0183084081e-01 1.0017298896e+00 -7.7678724884e-02 
1.0914597527e-02 1.2137730950e+00 -1.0233973655e-01 -2.9156682100e-01 5.0761277980e-01 
6.8128601093e-02 1.3649881246e+00 -5.2529462013e-01 -9.3826393277e-01 -5.0202935794e-01 
-3.9382876705e-02 1.4523985536e+00 1.4374749081e-01 -2.2324168059e-01 -1.7290064629e-01 
5.8763670817e-02 1.2537162827e+00 6.5806140688e-01 4.2092686378e-01 2.2971884579e-01 
2.7165560981e-01 7.5711587499e-01 1.4654930854e+00 5.6924250444e-01 3.1043267831e-01 
4.1826122915e-01 4.0162218561e-01 1.9228709204e+00 -1.7722209057e-01 -2.8071652512e-01 
5.2755189050e-01 1.2736040049e-01 4.6703853621e-01 7.5296535556e-01 4.2944513429e-02 
6.9528436098e-01 -2.4815200370e-01 -7.7730357763e-02 1.4194403486e+00 -3.0549090718e-03 
9.1180412591e-01 -7.7900267250e-01 -9.5509299915e-01 -4.9102719707e-01 5.2804157742e-01 
9.7474352095e-01 -1.0187150818e+00 -1.4664982324e+00 -1.1392052967e+00 -4.8000103665e-01 
9.7463156342e-01 -1.0183590485e+00 -1.4668886381e+00 -1.1393955968e+00 -4.8020343888e-01 
9.1175275445e-01 -7.7855097598e-01 -9.5475387878e-01 -4.9112047789e-01 5.2852036712e-01 
6.9542751064e-01 -2.4805274204e-01 -7.7932007782e-02 1.4193572697e+00 -3.0570355675e-03 
5.2742902042e-01 1.2715793413e-01 4.6677911487e-01 7.5317045087e-01 4.3148110872e-02 
4.1843103101e-01 4.0156234528e-01 1.9227703404e+00 -1.7705448374e-01 -2.8073099682e-01 
2.7190310601e-01 7.5695886098e-01 1.4659028328e+00 5.6896711120e-01 3.1061877955e-01 
5.8201904381e-02 1.2533109905e+00 6.5790543518e-01 4.2119122170e-01 2.2974389283e-01 
-3.9289971255e-02 1.4525438885e+00 1.4323018953e-01 -2.2354134389e-01 -1.7296868373e-01 
6.8468379955e-02 1.3647034074e+00 -5.2560163629e-01 -9.3860386291e-01 -5.0224610993e-01 
1.0728056352e-02 1.2133585240e+00 -1.0233760007e-01 -2.9147479450e-01 5.0748717692e-01 
-1.3802607907e-01 8.4477460763e-01 5.0199566936e-01 1.0018353586e+00 -7.7745104953e-02 
-2.4041338291e-01 5.8706394042e-01 7.7707542442e-01 5.4639979418e-01 1.2963173510e-01 
-2.9538016297e-01 4.5731646697e-01 8.9019565136e-01 -1.8704140492e-01 -2.5750230267e-01 
-3.1853267576e-01 4.1433568695e-01 8.0495857115e-01 -2.0118951673e-02 2.8944076249e-01 
-3.5157692803e-01 3.4004921970e-01 7.2803109689e-01 6.2734881621e-01 -2.0175660261e-01 
-3.8719881905e-01 2.3956684327e-01 6.4857363627e-01 6.5140676946e-01 2.9032310570e-01 


8.9596093052e-01 1.9759932411e+00 2.0724178625e+00 1.4863384604e+00 6.0513900833e-01 
8.4358668834e-01 1.7349059602e+00 1.6071409890e+00 9.1505170242e-01 -6.4029386944e-01 
6.2592201344e-01 1.1834732384e+00 7.8136214554e-01 -1.6236893073e+00 1.8561574373e-01 
4.5441740093e-01 8.1293870861e-01 2.7539638045e-01 -1.0926525038e+00 -2.2798975414e-01 
3.5773567614e-01 5.6896578240e-01 -2.0260281438e+00 5.6618023515e-01 3.8298885162e-01 
2.3808008068e-01 2.7322524425e-01 -1.6894860885e+00 -3.0200477062e-02 -3.9666997980e-01 
6.6007110206e-02 -9.6661818516e-02 -1.1183031745e+00 -7.3215359594e-01 5.4153981794e-03 
-1.5792220897e-02 -2.3091184843e-01 -7.7173136491e-01 -3.5247024417e-01 -7.2784802783e-02 
5.7443624918e-02 -1.3584672676e+00 9.8627612369e-01 1.0277446599e+00 4.7920015528e-01 
3.2152650904e-02 -1.2445151350e+00 7.0315251914e-01 5.9059763385e-01 -4.5476908602e-01 
-4.9732570094e-02 -1.0006749847e+00 3.1129210943e-01 -8.8479201916e-01 2.1308888666e-01 
-1.0371908563e-01 -8.4380749220e-01 1.5363962675e-01 -7.0378497818e-01 -2.5104171174e-01 
-1.2194847191e-01 -8.1069893855e-01 -8.8230499020e-01 5.4628628537e-01 2.9170976420e-01 
-9.4101304631e-02 -8.5359991117e-01 -9.6051670982e-01 5.3902982408e-01 -2.9492453572e-01 
-5.1100734363e-02 -9.3308211675e-01 -1.1529144554e+00 -7.8988149847e-01 3.5745408804e-01 
-4.4260454060e-02 -9.3514473674e-01 -1.2517536921e+00 -1.0036317626e+00 -4.1941273700e-01 
4.4228042465e-02 9.3615648551e-01 1.2516105367e+00 1.0041019978e+00 4.1958562928e-01 
5.0782659087e-02 9.3376774397e-01 1.1533395469e+00 7.8976198001e-01 -3.5750230583e-01 
9.3665428602e-02 8.5412619419e-01 9.6073948605e-01 -5.3894856534e-01 2.9503824761e-01 
1.2239042518e-01 8.1029052653e-01 8.8258302667e-01 -5.4652905657e-01 -2.9184423883e-01 
1.0355187502e-01 8.4350094478e-01 -1.5410638941e-01 7.0392083459e-01 2.5109386076e-01 
4.8931000806e-02 1.0000657411e+00 -3.1184484436e-01 8.8472324526e-01 -2.1307102137e-01 
-3.1637354096e-02 1.2439817167e+00 -7.0279743776e-01 -5.9056604562e-01 4.5474261897e-01 
-5.7563791847e-02 1.3587373027e+00 -9.8653930413e-01 -1.0277022965e+00 -4.7902974136e-01 
1.5399203862e-02 2.3138100519e-01 7.7166985834e-01 3.5232405216e-01 7.2808245464e-02 
-6.5364773663e-02 9.7216153896e-02 1.1184508134e+00 7.3240044638e-01 -5.2585531146e-03 
-2.3821842946e-01 -2.7289320232e-01 1.6893397684e+00 3.0487673542e-02 3.9671783441e-01 
-3.5760121919e-01 -5.6881459485e-01 2.0266941810e+00 -5.6633561125e-01 -3.8272951813e-01 
-4.5404898897e-01 -8.1304192972e-01 -2.7544688043e-01 1.0927934107e+00 2.2789744644e-01 
-6.2612233338e-01 -1.1832431641e+00 -7.8127595768e-01 1.6231768436e+00 -1.8551606126e-01 
-8.4340007076e-01 -1.7345614900e+00 -1.6069841514e+00 -9.1499027960e-01 6.4026062742e-01 
-8.9578541723e-01 -1.9755785594e+00 -2.0718152140e+00 -1.4863474364e+00 -6.0492696182e-01 


