-4.0713322524e-01 -6.8681135015e-01 -6.6181944163e-01 -3.5062203487e-01 
-4.1460877962e-01 -6.3234210991e-01 -5.2901026115e-01 3.4308559257e-01 
-3.0203541311e-01 -4.5342305486e-01 5.0683259195e-01 -1.8411889222e-01 
-1.6002674422e-01 -1.7461242059e-01 1.4533959192e-01 1.2133809075e-01 
-3.3472759290e-01 2.9527095076e-01 -4.6923235126e-01 -2.1754729593e-01 
-2.3484844607e-01 -4.4921760120e-02 -1.8669881324e-02 1.6370005200e-01 
-1.5981906532e-01 -2.0339440605e-01 1.5975851597e-01 9.0742961003e-02 
-1.3171812088e-02 -4.7967464921e-01 -3.4482942492e-01 -1.6088530668e-01 
-1.2890006788e-02 -4.7985001753e-01 -3.4477007077e-01 -1.6050505262e-01 
-1.5938539434e-01 -2.0370370136e-01 1.5953861689e-01 9.0778602074e-02 
-2.3452968411e-01 -4.5164468029e-02 -1.8743657225e-02 1.6349641205e-01 
-3.3494447758e-01 2.9576627487e-01 -4.6933560323e-01 -2.1765289010e-01 
-1.6000134005e-01 -1.7471185496e-01 1.4549197521e-01 1.2114552698e-01 
-3.0205524308e-01 -4.5327239711e-01 5.0658850699e-01 -1.8385077406e-01 
-4.1461807098e-01 -6.3275105833e-01 -5.2938984390e-01 3.4328295359e-01 
-4.0735238539e-01 -6.8744257927e-01 -6.6212336529e-01 -3.5104086893e-01 


-1.2876541549e-01 -1.4554923114e-01 -1.0104205531e-01 -5.0004002251e-03 
-2.6878939968e-01 -4.8815352847e-01 -5.3313329807e-01 7.8181013331e-02 
-3.1791392402e-01 -5.6680532418e-01 4.4085445036e-01 -2.7871010450e-01 
-3.9106757756e-01 -7.4210071198e-01 7.3701392084e-01 3.1096245043e-01 
-2.5736655275e-01 6.3787805913e-01 -4.7088473305e-01 -2.6094712387e-01 
-3.6942438808e-01 7.9729799224e-01 -7.1241575057e-01 2.9782965079e-01 
-4.6673485386e-01 6.9521364867e-01 6.4470462989e-01 -3.7825978177e-01 
-4.2764625122e-01 5.9170806489e-01 6.2433429204e-01 3.5404908557e-01 
4.2736290213e-01 -5.9221930370e-01 -6.2441048295e-01 -3.5415693903e-01 
4.6644553020e-01 -6.9478756099e-01 -6.4404816886e-01 3.7802661668e-01 
3.6913571841e-01 -7.9721459545e-01 7.1268345408e-01 -2.9777938144e-01 
2.5763419168e-01 -6.3828370903e-01 4.7093065227e-01 2.6123439538e-01 
3.9114096493e-01 7.4234839185e-01 -7.3712704183e-01 -3.1067489163e-01 
3.1835036738e-01 5.6685925919e-01 -4.4094208642e-01 2.7841272255e-01 
2.6895250250e-01 4.8830245596e-01 5.3309668162e-01 -7.8232254011e-02 
1.2920167937e-01 1.4601745977e-01 1.0131387984e-01 4.8366793917e-03 


-1.2936039126e+00 -9.2663501617e-01 -5.6401308848e-01 -2.1008667058e-01 
-1.3237168158e+00 -9.6791151526e-01 -5.8596107010e-01 2.1030477091e-01 
-1.3265451454e+00 -9.5945289651e-01 5.6399447313e-01 -2.1041295330e-01 
-1.3052800947e+00 -9.1284616371e-01 5.8610997184e-01 2.1032534303e-01 
-1.3052574047e+00 9.2655975472e-01 -5.4093182855e-01 -1.9047433165e-01 
-1.3264928358e+00 9.6801195587e-01 -5.3120501094e-01 1.9052868186e-01 
-1.3236923812e+00 9.5950847866e-01 5.4099143336e-01 -1.8941194132e-01 
-1.2934157041e+00 9.1301050267e-01 5.3123676176e-01 1.8933185842e-01 
1.2934369837e+00 -9.1279084344e-01 -5.3124426420e-01 -1.8931286867e-01 
1.3237435506e+00 -9.5936988197e-01 -5.4078724081e-01 1.8936958264e-01 
1.3265883256e+00 -9.6798581908e-01 5.3127626555e-01 -1.9052214744e-01 
1.3052088298e+00 -9.2648313927e-01 5.4090289378e-01 1.9047985203e-01 
1.3053339052e+00 9.1290941180e-01 -5.8617344100e-01 -2.1022119298e-01 
1.3264257306e+00 9.5941304417e-01 -5.6389636348e-01 2.1027406730e-01 
1.3237021308e+00 9.6797048135e-01 5.8601520985e-01 -2.1033496590e-01 
1.2935827215e+00 9.2657971993e-01 5.6396204515e-01 2.1021571446e-01 


1.6403897862e+03 3.5933228842e+03 3.3765199412e+03 1.1819033073e+03 
1.5526331662e+03 3.0946994804e+03 2.5136351480e+03 1.1842637211e+03 
1.4484829274e+03 2.7211474735e+03 3.3794174302e+03 9.7856042513e+02 
1.3932022157e+03 2.6320424744e+03 2.5140831815e+03 9.7759414297e+02 
1.3925364728e+03 3.5928131103e+03 2.5491497997e+03 1.0172724198e+03 
1.4496431820e+03 3.0949577569e+03 2.8471586103e+03 1.0179582435e+03 
1.5518501745e+03 2.7191534160e+03 2.5492777598e+03 1.0921872887e+03 
1.6424734898e+03 2.6317018611e+03 2.8473732037e+03 1.0927893323e+03 
1.6424897622e+03 2.6326086860e+03 2.8466344315e+03 1.0917886496e+03 
1.5513801564e+03 2.7193958260e+03 2.5471245396e+03 1.0922466995e+03 
1.4483430396e+03 3.0932597900e+03 2.8473175423e+03 1.0175555657e+03 
1.3944636864e+03 3.5930664333e+03 2.5492302751e+03 1.0179455825e+03 
1.3931350424e+03 2.6322591855e+03 2.5156367454e+03 9.7636183221e+02 
1.4491729440e+03 2.7184683976e+03 3.3774651236e+03 9.7663987451e+02 
1.5521949155e+03 3.0947571685e+03 2.5139440417e+03 1.1846797434e+03 
1.6405182488e+03 3.5941435508e+03 3.3774267694e+03 1.1833045808e+03 


-5.0557932760e-01 1.0247549283e-01 3.7607310424e-01 2.1218971310e-01 
-4.4137744007e-01 2.5962810489e-01 5.0489411283e-01 -7.4369143334e-02 
-2.7755970713e-01 6.2326361467e-01 4.1458960889e-01 3.5211283823e-01 
-1.4032717065e-01 9.3251024772e-01 -1.0894419830e-01 -3.2415586175e-01 
4.1854589090e-02 1.1709884305e+00 3.9887937755e-01 -2.3307603815e-02 
2.7822830009e-01 6.8478167703e-01 1.2235905801e+00 9.2400559706e-02 
6.5822797988e-01 -1.9946152400e-01 -9.8696163779e-02 5.8024930872e-01 
8.4643717534e-01 -7.3803109050e-01 -1.0136761049e+00 -5.2906365464e-01 
8.4673366530e-01 -7.3834950385e-01 -1.0136110075e+00 -5.2868587746e-01 
6.5871421568e-01 -1.9983581731e-01 -9.8999130727e-02 5.8022368285e-01 
2.7876424658e-01 6.8455297081e-01 1.2237245418e+00 9.2206489217e-02 
4.1514132348e-02 1.1715432866e+00 3.9867877533e-01 -2.3396346686e-02 
-1.4008560473e-01 9.3267331566e-01 -1.0892723489e-01 -3.2402121738e-01 
-2.7811166378e-01 6.2322773484e-01 4.1455409890e-01 3.5178407708e-01 
-4.4145660635e-01 2.5953883026e-01 5.0478630266e-01 -7.4267695973e-02 
-5.0589357539e-01 1.0155068549e-01 3.7550939694e-01 2.1232091410e-01 


7.3708474476e-01 1.5423467705e+00 1.3671286481e+00 6.3599053185e-01 
5.6815309756e-01 1.0118078798e+00 5.6535319530e-01 -6.6662549483e-01 
2.1708007244e-01 1.9263727550e-01 -1.3546961283e+00 9.7783354154e-02 
4.6072108841e-03 -2.1314118274e-01 -7.5055072798e-01 -1.6887042019e-01 
-1.3463014843e-01 -1.0065705324e+00 4.7232515949e-01 3.7028010900e-01 
-2.1653871451e-01 -7.8837161253e-01 8.1552468547e-02 -3.5903813236e-01 
-2.8810200765e-01 -6.2264127266e-01 -6.1118423219e-01 2.1969473909e-01 
-2.8613467332e-01 -6.0859136894e-01 -6.8969245111e-01 -3.2496043773e-01 
2.8576702078e-01 6.0696431653e-01 6.8965744985e-01 3.2475403693e-01 
2.8759248952e-01 6.2235810285e-01 6.1074217475e-01 -2.1973170534e-01 
2.1581001484e-01 7.8834022672e-01 -8.1561158536e-02 3.5905447099e-01 
1.3511369308e-01 1.0058625906e+00 -4.7216485368e-01 -3.7001838070e-01 
-4.7276227333e-03 2.1322985271e-01 7.5068359262e-01 1.6873443709e-01 
-2.1624990504e-01 -1.9249388287e-01 1.3542735990e+00 -9.7693884829e-02 
-5.6795951846e-01 -1.0117271406e+00 -5.6544473586e-01 6.6664871591e-01 
-7.3660934048e-01 -1.5418254913e+00 -1.3668205438e+00 -6.3630722664e-01 


