-5.1617487499e-01 -8.3009412859e-01 -7.8181849745e-01 -3.9469275545e-01 
-6.0771699830e-01 -9.2704628221e-01 -8.1044699105e-01 4.2517076264e-01 
-4.4553120382e-01 -6.7767646334e-01 6.9410000845e-01 -2.9240004485e-01 
-2.5904327461e-01 -3.3836430566e-01 3.0519560355e-01 2.0458275529e-01 
-4.4658562760e-01 4.0602351765e-01 -6.5588671085e-01 -3.1624800128e-01 
-3.3995676927e-01 -1.3537772356e-02 -7.2822503948e-02 2.3953375508e-01 
-2.2147856502e-01 -2.7892277348e-01 2.2129510793e-01 1.2262336167e-01 
-4.8179071811e-02 -6.0520172809e-01 -4.6719626349e-01 -2.3405630173e-01 
-4.8237781682e-02 -6.0551240058e-01 -4.6723752374e-01 -2.3397740500e-01 
-2.2078785443e-01 -2.7940431886e-01 2.2110594959e-01 1.2238941785e-01 
-3.4020179509e-01 -1.3555319069e-02 -7.2722819958e-02 2.3947259869e-01 
-4.4608759037e-01 4.0595906691e-01 -6.5524012251e-01 -3.1563257540e-01 
-2.5923674372e-01 -3.3832801389e-01 3.0508165278e-01 2.0437385927e-01 
-4.4551478991e-01 -6.7785648793e-01 6.9438943944e-01 -2.9237158501e-01 
-6.0779669581e-01 -9.2698079849e-01 -8.1083300216e-01 4.2547864786e-01 
-5.1555232947e-01 -8.3022858982e-01 -7.8186799834e-01 -3.9470981036e-01 


-5.9947345848e-02 3.9725332789e-02 1.4567879591e-01 1.6404262056e-01 
-1.9596441930e-01 -3.8229146011e-01 -4.3739633094e-01 -5.0042908858e-02 
-3.2133925095e-01 -5.8594279449e-01 3.9422313189e-01 -2.8623782266e-01 
-4.4507175698e-01 -8.5876295632e-01 8.6922916952e-01 3.5393503412e-01 
-2.5624810459e-01 7.2906000507e-01 -4.8802791307e-01 -2.8764863019e-01 
-4.2915125153e-01 1.0028265255e+00 -8.8145452377e-01 3.5360992481e-01 
-5.9886068131e-01 8.4885688480e-01 7.8604203749e-01 -4.9315918415e-01 
-5.1805153212e-01 6.9678481038e-01 7.5235638637e-01 4.5131521685e-01 
5.1750631283e-01 -6.9652709971e-01 -7.5177704436e-01 -4.5086633167e-01 
5.9858082469e-01 -8.4897147708e-01 -7.8593157080e-01 4.9310418090e-01 
4.2917447650e-01 -1.0025812207e+00 8.8170131946e-01 -3.5358568964e-01 
2.5603365146e-01 -7.2872712337e-01 4.8778332584e-01 2.8784691307e-01 
4.4535595775e-01 8.5871370409e-01 -8.6946526145e-01 -3.5401538224e-01 
3.2127029850e-01 5.8637614415e-01 -3.9446446254e-01 2.8616555899e-01 
1.9655684955e-01 3.8284426960e-01 4.3765104528e-01 5.0123407515e-02 
5.9742647847e-02 -3.9157875143e-02 -1.4473160357e-01 -1.6349117103e-01 


-1.5478991733e+00 -1.1093104548e+00 -7.0232828704e-01 -2.7701856540e-01 
-1.6109621552e+00 -1.1917544142e+00 -7.3808473380e-01 2.7720182256e-01 
-1.6162684789e+00 -1.1749815088e+00 7.0220778667e-01 -2.7102845926e-01 
-1.5779765745e+00 -1.0913523386e+00 7.3800428137e-01 2.7104737515e-01 
-1.5779260317e+00 1.1090234984e+00 -6.5708736192e-01 -2.3550127168e-01 
-1.6162665335e+00 1.1916865689e+00 -6.3861097600e-01 2.3551407742e-01 
-1.6107465564e+00 1.1749843225e+00 6.5713185375e-01 -2.3380081303e-01 
-1.5476714171e+00 1.0914356000e+00 6.3855753265e-01 2.3372320750e-01 
1.5478051457e+00 -1.0914935501e+00 -6.3855529169e-01 -2.3369827656e-01 
1.6108077063e+00 -1.1748543302e+00 -6.5702431081e-01 2.3370828472e-01 
1.6162089234e+00 -1.1917279043e+00 6.3859250544e-01 -2.3556343032e-01 
1.5779598446e+00 -1.1090438409e+00 6.5705671435e-01 2.3548533318e-01 
1.5778708262e+00 1.0913438250e+00 -7.3806814272e-01 -2.7097559771e-01 
1.6162010006e+00 1.1749124058e+00 -7.0226001160e-01 2.7098971979e-01 
1.6108610576e+00 1.1917226535e+00 7.3810186826e-01 -2.7722277787e-01 
1.5479785066e+00 1.1092742974e+00 7.0223361934e-01 2.7697141225e-01 


7.1007374547e+01 1.6350551013e+02 1.5400500297e+02 5.2579431649e+01 
6.2675551629e+01 1.2302030756e+02 9.3078041715e+01 5.2568694363e+01 
5.5515522715e+01 9.9446383363e+01 1.5398017038e+02 3.7199037650e+01 
5.2654757870e+01 9.6603245460e+01 9.3076921056e+01 3.7197121209e+01 
5.2667604420e+01 1.6348897156e+02 9.2962103936e+01 3.9232486317e+01 
5.5496107937e+01 1.2297761190e+02 1.1142107249e+02 3.9211021644e+01 
6.2718426592e+01 9.9410506077e+01 9.2931442010e+01 4.4364514789e+01 
7.0950834959e+01 9.6598096381e+01 1.1141228014e+02 4.4364362060e+01 
7.0937782360e+01 9.6526742085e+01 1.1140553156e+02 4.4355761903e+01 
6.2671878537e+01 9.9466171556e+01 9.2924613384e+01 4.4330611763e+01 
5.5524220122e+01 1.2296155407e+02 1.1150056573e+02 3.9222721235e+01 
5.2641060189e+01 1.6347911865e+02 9.2862496975e+01 3.9187912862e+01 
5.2683643843e+01 9.6575966453e+01 9.3085244867e+01 3.7163184406e+01 
5.5526327770e+01 9.9448764653e+01 1.5399231901e+02 3.7166899027e+01 
6.2699451128e+01 1.2294404278e+02 9.3089633623e+01 5.2605479821e+01 
7.0835399180e+01 1.6334946012e+02 1.5368231201e+02 5.2453210081e+01 


-5.2359613760e-01 4.9227398319e-01 9.3112265368e-01 5.0991659990e-01 
-4.8080459965e-01 5.2870550780e-01 7.0804412134e-01 -2.8485522881e-01 
-3.8076630967e-01 7.1427247034e-01 3.4688425292e-01 4.3911715078e-01 
-2.5963255643e-01 9.9947488337e-01 -1.1952912354e-01 -4.1948479521e-01 
2.3945790765e-02 1.5332727534e+00 5.2490143471e-01 -1.5150775229e-02 
3.4093490494e-01 9.8105910841e-01 1.5986769324e+00 1.2213256399e-01 
8.9428174112e-01 -2.7506489214e-01 -1.5017522986e-01 8.0513575990e-01 
1.0826116210e+00 -9.6704774569e-01 -1.4043494156e+00 -7.3596949821e-01 
1.0826490672e+00 -9.6732253862e-01 -1.4043925594e+00 -7.3589401727e-01 
8.9503754460e-01 -2.7561493368e-01 -1.5041477861e-01 8.0474616294e-01 
3.4054636195e-01 9.8102112055e-01 1.5987186773e+00 1.2198967823e-01 
2.4536315386e-02 1.5331940038e+00 5.2543579975e-01 -1.4590991963e-02 
-2.6028471288e-01 9.9947580423e-01 -1.1977574915e-01 -4.1945105599e-01 
-3.8107564607e-01 7.1376526340e-01 3.4707403425e-01 4.3897319223e-01 
-4.8136515278e-01 5.2860281882e-01 7.0773834364e-01 -2.8460668898e-01 
-5.2263238160e-01 4.9195561780e-01 9.3063236572e-01 5.0972238397e-01 


1.0711337241e+00 1.9560599919e+00 1.6319265429e+00 7.5132101140e-01 
9.1582597833e-01 1.2680892282e+00 6.0057929366e-01 -8.6263075221e-01 
3.5731479679e-01 -1.1148819686e-04 -1.8465242413e+00 1.5605807878e-02 
2.5614275502e-02 -5.7110062535e-01 -9.2012087895e-01 -1.3279674708e-01 
-2.6041144916e-01 -1.3073656146e+00 4.3439298595e-01 4.6410154913e-01 
-3.9531038901e-01 -9.6003388051e-01 -2.0205053661e-01 -4.4770717836e-01 
-5.1747182043e-01 -6.6135679803e-01 -6.6577511874e-01 2.0626687747e-01 
-5.0030049152e-01 -6.2329931801e-01 -7.8922147686e-01 -3.8682955022e-01 
4.9932904115e-01 6.2382823264e-01 7.8978904199e-01 3.8715826729e-01 
5.1697152247e-01 6.6062904423e-01 6.6533795258e-01 -2.0594822411e-01 
3.9556635356e-01 9.6043320706e-01 2.0235365384e-01 4.4797019131e-01 
2.6006689918e-01 1.3077634068e+00 -4.3454141978e-01 -4.6383924044e-01 
-2.5043653543e-02 5.7106303566e-01 9.2008483208e-01 1.3247726197e-01 
-3.5723256468e-01 6.0795020073e-04 1.8464214299e+00 -1.5617108713e-02 
-9.1515339097e-01 -1.2675534465e+00 -6.0031431594e-01 8.6274539957e-01 
-1.0714018558e+00 -1.9555116956e+00 -1.6310664815e+00 -7.5077485185e-01 


