00
-1.5641535741e-01
-1.7312004301e-01
-7.3491853902e-01
4.4604051676e+02
-2.5738355022e-01
1.8262815918e-01
01
-2.7200876846e-01
-2.8104685519e-01
-5.2624289922e-01
9.3728900657e+02
-1.2396773724e-01
6.3136690093e-01
02
-2.5759705904e-01
-2.6273637985e-01
-3.0687579887e-01
8.8156698969e+02
-4.8599178498e-02
5.9235739576e-01
03
-1.3721628788e-01
-1.2376194522e-01
-1.0723740221e-01
3.1259618803e+02
-2.0714745700e-02
2.7351245124e-01
10
-1.2072488605e-01
-2.1341522910e-01
-7.3943790535e-01
4.4124010018e+02
-1.9468476882e-01
1.2999908446e-01
11
-1.7953618628e-01
-3.6765798699e-01
-5.3266254819e-01
9.0562448584e+02
3.0905873430e-02
4.9306813481e-01
12
-1.2474104076e-01
-3.6821779253e-01
-3.1121358839e-01
8.1260461539e+02
1.7443353014e-01
3.8402960833e-01
13
1.2303966344e-01
1.3799157687e-01
1.0726928390e-01
3.1268844185e+02
4.9641443456e-02
-2.6961568855e-01
20
-9.2842999435e-02
-2.1459979835e-01
-7.3987503606e-01
4.3382176593e+02
-9.5411034539e-02
5.7960805100e-02
21
-1.3429544243e-01
-3.6838548301e-01
-5.3132722830e-01
8.7371380208e+02
2.6811727737e-01
3.1975757273e-01
22
1.6548691204e-01
3.2829049433e-01
3.0689838637e-01
8.8162618529e+02
2.2452138139e-01
-5.5010278731e-01
23
-4.6526744393e-02
-1.7466419548e-01
-1.0786895013e-01
2.9788055995e+02
1.3664034469e-01
1.3948725623e-01
30
-4.0008038858e-02
-2.2865345942e-01
-7.3616328549e-01
4.2768844390e+02
-2.1107439169e-02
1.2592001057e-02
31
-1.8327889074e-02
-4.0653819616e-01
-5.2306049996e-01
8.6014252842e+02
4.4187583321e-01
2.2005199090e-01
32
5.4077329927e-03
3.8858829222e-01
3.1125041550e-01
8.1231583339e+02
-4.9105743513e-02
-4.1932751216e-01
33
2.7206239269e-02
1.7873523648e-01
1.0787268565e-01
2.9769856852e+02
-1.2108252256e-01
-1.5332996199e-01
40
-1.2327853922e-01
-1.9647360718e-01
-7.3615243655e-01
4.2777677405e+02
2.4681026282e-02
-5.0670933824e-03
41
9.3526510089e-02
3.7919233370e-01
5.2625930104e-01
9.3750444010e+02
4.2379957715e-01
-4.8421800802e-01
42
-1.5915943782e-01
-3.2589638970e-01
-3.0321232317e-01
8.2171245738e+02
1.4598748056e-01
3.6804191470e-01
43
-6.9673998299e-02
-1.6583553298e-01
-1.0428027339e-01
3.0173101231e+02
-1.3798270516e-02
1.9275443328e-01
50
-7.5768317976e-02
-2.2085826372e-01
-7.3988724963e-01
4.3390726725e+02
1.0990540071e-01
-2.1221640071e-02
51
-3.2230472996e-02
4.0744784996e-01
5.3265630625e-01
9.0590146719e+02
2.2358667220e-01
-4.4086600019e-01
52
9.4975616076e-03
-3.7410912718e-01
-3.0165548201e-01
8.4715170562e+02
4.5244963785e-01
2.9010348948e-01
53
5.1879848897e-02
1.7244830763e-01
1.0434732001e-01
3.0221300692e+02
3.3573085921e-02
-1.9039454527e-01
60
-5.4516788195e-02
-2.3870198276e-01
-7.3940567115e-01
4.4134529089e+02
2.3152290241e-01
-3.4985862300e-02
61
-7.0460457360e-02
3.8546955839e-01
5.3132887396e-01
8.7423536716e+02
-6.8727239104e-02
-4.1170599332e-01
62
5.4645879008e-02
3.5863178784e-01
3.0326041937e-01
8.2183043054e+02
-2.9367752941e-02
-3.9504277913e-01
63
3.2006807130e-02
-1.8724095622e-01
-1.0414574408e-01
3.0775665029e+02
1.9840694987e-01
1.6482801978e-01
70
1.5043221481e-05
-2.3278809482e-01
-7.3492191311e-01
4.4587568495e+02
3.1346214318e-01
-3.6547699986e-02
71
-1.8694051723e-01
3.6147030306e-01
5.2308726931e-01
8.6082028366e+02
-2.7259621270e-01
-4.1138109251e-01
72
-1.2013811709e-01
3.5423861163e-01
3.0163738201e-01
8.4633108168e+02
-3.4575949406e-01
-4.1147811690e-01
73
-5.1469600867e-02
1.8274908818e-01
1.0410672530e-01
3.0754307808e+02
-1.8037141692e-01
-1.8448684627e-01
80
2.7851488738e-05
2.3276013016e-01
7.3495680793e-01
4.4554845773e+02
3.1349147977e-01
3.6334851986e-02
81
-1.8682768996e-01
-3.6145165177e-01
-5.2309380498e-01
8.6067452488e+02
-2.7248014674e-01
4.1143698023e-01
82
-1.2037257686e-01
-3.5433066065e-01
-3.0161412403e-01
8.4634063953e+02
-3.4600531117e-01
4.1125030207e-01
83
-5.1571166012e-02
-1.8272126260e-01
-1.0410947396e-01
3.0755549447e+02
-1.8047273492e-01
1.8453045098e-01
90
-5.4445704222e-02
2.3862485986e-01
7.3938796965e-01
4.4149036474e+02
2.3158140398e-01
3.5004909673e-02
91
-7.0503421230e-02
-3.8545230310e-01
-5.3126588029e-01
8.7426271752e+02
-6.8788461914e-02
4.1136310125e-01
92
5.4497032244e-02
-3.5818304627e-01
-3.0314199891e-01
8.2070862462e+02
-2.9545753526e-02
3.9480433252e-01
93
3.2019372032e-02
1.8721978976e-01
1.0412212476e-01
3.0771610335e+02
1.9839922235e-01
-1.6471803919e-01
100
-7.5647444329e-02
2.2091599616e-01
7.3984024409e-01
4.3396171970e+02
1.0995730024e-01
2.1539467519e-02
101
-3.2260187905e-02
-4.0734400736e-01
-5.3269085241e-01
9.0492135567e+02
2.2354246703e-01
4.4115857237e-01
102
9.5936428255e-03
3.7377575142e-01
3.0160259879e-01
8.4662026299e+02
4.5244355250e-01
-2.9015785217e-01
103
5.1832193537e-02
-1.7223533126e-01
-1.0431017988e-01
3.0176082163e+02
3.3559046777e-02
1.9039444081e-01
110
-1.2355454853e-01
1.9663903556e-01
7.3611180196e-01
4.2849012842e+02
2.4336386616e-02
5.4545424858e-03
111
9.3664074394e-02
-3.7924123395e-01
-5.2622396405e-01
9.3792171894e+02
4.2395955751e-01
4.8398247632e-01
112
-1.5909721873e-01
3.2567250080e-01
3.0326933129e-01
8.2122752795e+02
1.4617464764e-01
-3.6856832007e-01
113
-6.9703578903e-02
1.6595445212e-01
1.0431781826e-01
3.0197110072e+02
-1.3758154240e-02
-1.9284410776e-01
120
-4.0005853280e-02
2.2877247647e-01
7.3614260133e-01
4.2809717924e+02
-2.1160234460e-02
-1.2366166172e-02
121
-1.8397289693e-02
4.0641700535e-01
5.2303773262e-01
8.6037540709e+02
4.4173714115e-01
-2.2006565303e-01
122
5.6611458918e-03
-3.8893994666e-01
-3.1128791438e-01
8.1289267611e+02
-4.8912662843e-02
4.1917226367e-01
123
2.7125877621e-02
-1.7864808406e-01
-1.0786058864e-01
2.9777272823e+02
-1.2113766330e-01
1.5335262065e-01
130
-9.2690167182e-02
2.1437938967e-01
7.3993513131e-01
4.3327046059e+02
-9.5082757315e-02
-5.8486402806e-02
131
-1.3430846379e-01
3.6820460980e-01
5.3134610807e-01
8.7365073412e+02
2.6816721856e-01
-3.2002668048e-01
132
1.6539376612e-01
-3.2808357073e-01
-3.0691097580e-01
8.8117046376e+02
2.2440597346e-01
5.5037287105e-01
133
-4.6442149757e-02
1.7447238847e-01
1.0783759292e-01
2.9754421091e+02
1.3663209658e-01
-1.3952563803e-01
140
-1.2065365848e-01
2.1347334990e-01
7.3943481788e-01
4.4123256771e+02
-1.9462428291e-01
-1.2992686269e-01
141
-1.7961759713e-01
3.6773455396e-01
5.3270254030e-01
9.0543378298e+02
3.0984291950e-02
-4.9316284118e-01
142
-1.2484446744e-01
3.6849006109e-01
3.1123407185e-01
8.1332325336e+02
1.7440974318e-01
-3.8384324712e-01
143
1.2287239619e-01
-1.3791543924e-01
-1.0723601382e-01
3.1229153085e+02
4.9564942988e-02
2.6953989655e-01
150
-1.5641306648e-01
1.7326903937e-01
7.3491508200e-01
4.4601200359e+02
-2.5739355620e-01
-1.8246412735e-01
151
-2.7186928421e-01
2.8151237255e-01
5.2613615227e-01
9.3765226236e+02
-1.2426736035e-01
-6.3046367316e-01
152
-2.5744994168e-01
2.6297730012e-01
3.0687805044e-01
8.8133587293e+02
-4.8442927765e-02
-5.9212557019e-01
153
-1.3702492781e-01
1.2382136461e-01
1.0720525245e-01
3.1222616289e+02
-2.0639078106e-02
-2.7332019461e-01
