-7.3713375175e-01 -9.1274072343e-01 -4.8583391963e-01 
-8.7370096726e-01 -1.0406277568e+00 6.2205792843e-01 
-7.4502584983e-01 4.3140393840e-01 -3.8213495631e-01 
-3.8610970312e-01 -4.3154297214e-01 -1.8918673191e-02 
-3.8539285632e-01 -4.3165493647e-01 -1.9132020574e-02 
-7.4465517841e-01 4.3062344219e-01 -3.8207710869e-01 
-8.7338523215e-01 -1.0406227167e+00 6.2200039446e-01 
-7.3843365055e-01 -9.1339876921e-01 -4.8581841870e-01 


-6.6031040324e-02 2.2998843919e-01 3.8598605403e-01 
-2.5915444511e-01 -6.3697688677e-01 6.7162255037e-03 
-5.2479842556e-01 8.4099515519e-01 -6.4763875869e-01 
-6.3325482673e-01 1.1404011708e+00 7.5125330378e-01 
6.3363946853e-01 -1.1408269184e+00 -7.5099395564e-01 
5.2454657334e-01 -8.4075461446e-01 6.4720508117e-01 
2.5879748333e-01 6.3736160636e-01 -7.3119208876e-03 
6.6006878014e-02 -2.3075666150e-01 -3.8645083157e-01 


-2.0299063181e+00 -1.3453980206e+00 -6.8481818737e-01 
-2.2399948517e+00 -1.3830103230e+00 6.8583993215e-01 
-2.2397164873e+00 1.3454309264e+00 -5.5814953164e-01 
-2.0294431912e+00 1.3829258896e+00 5.5798161258e-01 
2.0294581961e+00 -1.3829207618e+00 -5.5780953504e-01 
2.2398103720e+00 -1.3451931182e+00 5.5813614689e-01 
2.2400134765e+00 1.3828872962e+00 -6.8551676884e-01 
2.0297920499e+00 1.3455115671e+00 6.8501598483e-01 


2.2759082402e+02 4.3467156800e+02 1.8917829410e+02 
1.3544139071e+02 1.7057762889e+02 1.8973857215e+02 
1.3548540273e+02 4.3539758892e+02 1.0041107559e+02 
2.2793356477e+02 1.7050235638e+02 1.0043231803e+02 
2.2778056175e+02 1.7056913487e+02 1.0039390453e+02 
1.3542439436e+02 4.3517753341e+02 1.0035642610e+02 
1.3532303807e+02 1.7048639500e+02 1.8949544821e+02 
2.2784280888e+02 4.3499200136e+02 1.8939766896e+02 


-9.0924613997e-01 8.0876143308e-01 9.7384258175e-01 
-9.0105507744e-01 1.8393778032e-01 -3.0661315769e-01 
-7.8360385028e-02 1.2008730106e+00 7.8049672708e-01 
5.7173437587e-01 -4.1917472267e-01 -8.3469315891e-01 
5.7246364568e-01 -4.1928542720e-01 -8.3480212394e-01 
-7.7832129994e-02 1.2001636113e+00 7.8052026955e-01 
-9.0067771257e-01 1.8361284766e-01 -3.0626230595e-01 
-9.1087227220e-01 8.0843097813e-01 9.7425804756e-01 


1.0879680799e+00 1.4141674096e+00 7.0721821106e-01 
6.1306969542e-01 -3.9171044205e-01 -1.1665474461e+00 
-1.0878388954e+00 -1.1016746774e+00 -3.2606610142e-01 
-1.2996288825e+00 -1.0821835680e-01 -1.3671870654e-01 
1.2999911932e+00 1.0778012932e-01 1.3641676826e-01 
1.0874199890e+00 1.1015165098e+00 3.2564960303e-01 
-6.1343113673e-01 3.9197075587e-01 1.1655828085e+00 
-1.0879630208e+00 -1.4147496186e+00 -7.0741073518e-01 


