-5.7302892145e-01 -8.6316184813e-01 -6.5575970988e-01 -1.5577309809e-01 9.7438420116e-02 
-6.7181877027e-01 -1.0902632966e+00 -1.0854446155e+00 -7.5451560076e-01 -1.9328898850e-03 
-7.2307273127e-01 -1.1637028197e+00 -1.1492665806e+00 5.0043748779e-01 -3.6293652371e-01 
-6.5849729794e-01 -1.0243950696e+00 -1.0649535525e+00 9.3291829765e-01 3.7538074851e-01 
-4.9956547839e-01 -8.2869626587e-01 7.5296273386e-01 -7.5275824623e-01 -3.9875900082e-01 
-5.0492339410e-01 -8.8422447750e-01 1.0315059588e+00 -6.5850395301e-01 4.0057138797e-01 
-3.7747595724e-01 -7.9168586653e-01 4.8410020021e-01 6.3363297195e-01 -2.3575558304e-01 
-2.4719987526e-01 -4.8750583863e-01 8.3068935467e-02 1.1983829926e-01 1.2472438565e-01 
-4.4433241588e-01 3.0930757692e-01 -1.0402080745e+00 -9.5826639342e-01 -5.4368227823e-01 
-5.5095403085e-01 6.5346341745e-01 -9.6100456569e-01 -4.6426166668e-01 5.1852838246e-01 
-4.9244259953e-01 3.3692528346e-02 -6.9848369071e-01 7.3775092024e-01 -7.0199853951e-02 
-2.8871666221e-01 -3.9808169509e-01 -9.1511415985e-02 -6.0077100103e-02 -2.5380459630e-02 
-4.3772616965e-01 -8.5765436586e-02 4.9477530185e-01 -3.9844372234e-01 -1.5952891157e-01 
-2.2744459698e-01 -5.4472674387e-01 -9.5653441920e-02 3.1927703985e-01 5.2360168699e-02 
6.1712856632e-02 -8.1914904281e-01 -6.4339713471e-01 -2.9787436803e-01 3.9197698658e-01 
-2.0965410748e-01 -6.4879995623e-01 -8.1890955305e-01 -7.9249129363e-01 -4.5912552152e-01 
-2.1007144939e-01 -6.4855631123e-01 -8.1825550242e-01 -7.9139452856e-01 -4.5871767956e-01 
6.1041417777e-02 -8.1910453601e-01 -6.4343073045e-01 -2.9791207577e-01 3.9278284836e-01 
-2.2750875908e-01 -5.4470496975e-01 -9.5646051601e-02 3.1857619327e-01 5.2125400105e-02 
-4.3793377045e-01 -8.6111989301e-02 4.9474595967e-01 -3.9869221384e-01 -1.5937969396e-01 
-2.8836278451e-01 -3.9825069625e-01 -9.0907684031e-02 -6.0333506569e-02 -2.5750050738e-02 
-4.9220251669e-01 3.3812331556e-02 -6.9832820202e-01 7.3740417031e-01 -7.0220179516e-02 
-5.5091938200e-01 6.5281096329e-01 -9.6112203599e-01 -4.6446894094e-01 5.1852995032e-01 
-4.4459911987e-01 3.0942859646e-01 -1.0402565042e+00 -9.5790721777e-01 -5.4317873478e-01 
-2.4721950795e-01 -4.8778816826e-01 8.3087610585e-02 1.2004797077e-01 1.2454570008e-01 
-3.7735864491e-01 -7.9227781770e-01 4.8376176380e-01 6.3273085921e-01 -2.3551762352e-01 
-5.0509900604e-01 -8.8409712398e-01 1.0324539796e+00 -6.5814479828e-01 4.0067025597e-01 
-5.0015119968e-01 -8.2880876920e-01 7.5348535800e-01 -7.5288970557e-01 -3.9905020949e-01 
-6.5887498408e-01 -1.0249722217e+00 -1.0647869925e+00 9.3347090573e-01 3.7543354102e-01 
-7.2332605036e-01 -1.1642009999e+00 -1.1496582764e+00 5.0060352230e-01 -3.6304933376e-01 
-6.7266091971e-01 -1.0908359078e+00 -1.0865319537e+00 -7.5470101483e-01 -1.5893665665e-03 
-5.7309209470e-01 -8.6340302312e-01 -6.5654215850e-01 -1.5604314012e-01 9.6943210016e-02 


-1.3906206372e-01 5.7858240588e-02 4.6524769271e-01 5.9598962916e-01 3.2277944941e-01 
2.5194589230e-01 5.8491395653e-01 6.5815640860e-01 5.5755880784e-01 -3.3805356147e-01 
-2.0847144411e-02 -2.5775222522e-02 -9.1882993598e-04 -3.6037160388e-01 9.4468187391e-02 
-2.8768983447e-01 -5.5616265005e-01 -5.7181928827e-01 1.0993195824e-01 1.1340407457e-02 
-1.7212066861e-01 -2.1707428322e-01 2.8564335422e-01 2.5476044419e-02 4.8705150382e-02 
-3.7346077129e-01 -6.4185151295e-01 7.4703729689e-01 -7.4938679741e-01 3.8413134883e-02 
-4.7767485528e-01 -9.6388498301e-01 1.0448778043e+00 4.0763610973e-01 -4.9095166354e-01 
-4.0864085835e-01 -8.4284100491e-01 1.2039053806e+00 9.8725514726e-01 5.2962771421e-01 
-1.7456590229e-01 8.1047431331e-01 -2.1898328087e-01 -2.1343305410e-01 -1.0250172623e-01 
-2.5807190819e-01 1.0564357069e+00 -7.2540062910e-01 -8.6629538626e-01 1.9516378864e-01 
-3.8662997293e-01 1.1658227904e+00 -1.2098082820e+00 6.4738232060e-01 -4.7495389864e-01 
-4.4090174076e-01 1.0957511165e+00 -1.1831069847e+00 9.8060283149e-01 4.7957854022e-01 
-5.6900785388e-01 8.4990016758e-01 9.3863936184e-01 -1.1105182100e+00 -4.5451755298e-01 
-6.8729937427e-01 9.4209779030e-01 1.1982146590e+00 -1.0755572774e+00 4.7859763575e-01 
-7.1698392304e-01 9.4109747910e-01 1.2430780151e+00 1.1424669802e+00 -4.2596233854e-01 
-5.5216631411e-01 7.2731445060e-01 8.6218315094e-01 7.9451965732e-01 3.5165058493e-01 
5.5178178962e-01 -7.2738400864e-01 -8.6244004589e-01 -7.9395569622e-01 -3.5156411300e-01 
7.1688760536e-01 -9.4159130757e-01 -1.2439410029e+00 -1.1421270407e+00 4.2613693022e-01 
6.8719033543e-01 -9.4220924953e-01 -1.1980247852e+00 1.0753450664e+00 -4.7867055132e-01 
5.6931364051e-01 -8.5024020623e-01 -9.3852884434e-01 1.1105541242e+00 4.5442696574e-01 
4.4100888855e-01 -1.0966621829e+00 1.1832390583e+00 -9.8106808310e-01 -4.7952404017e-01 
3.8650448026e-01 -1.1663173953e+00 1.2091693926e+00 -6.4747446203e-01 4.7505386537e-01 
2.5809731740e-01 -1.0574431718e+00 7.2522620420e-01 8.6676910109e-01 -1.9495757041e-01 
1.7462824580e-01 -8.1047933173e-01 2.1923328455e-01 2.1385170508e-01 1.0313282927e-01 
4.0873490641e-01 8.4249635534e-01 -1.2042008184e+00 -9.8719412126e-01 -5.2960812241e-01 
4.7775942530e-01 9.6418904206e-01 -1.0451992212e+00 -4.0761502033e-01 4.9072669612e-01 
3.7320251889e-01 6.4175573445e-01 -7.4719475376e-01 7.4916325869e-01 -3.8264751615e-02 
1.7252721790e-01 2.1671914722e-01 -2.8579390071e-01 -2.5406558145e-02 -4.8678438383e-02 
2.8732875297e-01 5.5590702151e-01 5.7152428782e-01 -1.1027828989e-01 -1.1388339068e-02 
2.0987869662e-02 2.5881372910e-02 1.1749947045e-03 3.5972591682e-01 -9.4549255686e-02 
-2.5161093354e-01 -5.8511842665e-01 -6.5826899884e-01 -5.5765927843e-01 3.3785736918e-01 
1.3898550781e-01 -5.8103416475e-02 -4.6503638666e-01 -5.9609092410e-01 -3.2258743437e-01 


-1.6971249870e+00 -1.2767228467e+00 -9.8557063840e-01 -6.9533551764e-01 -2.8670268073e-01 
-1.8449561593e+00 -1.5123196252e+00 -1.1757725314e+00 -7.5561709082e-01 2.8707283515e-01 
-1.8608489933e+00 -1.5192908132e+00 -1.1368664142e+00 6.9578345467e-01 -2.8421368709e-01 
-1.8138730738e+00 -1.4208032611e+00 -1.0089883975e+00 7.5572561663e-01 2.8419550991e-01 
-1.8171376572e+00 -1.4139962878e+00 9.8546576013e-01 -6.0505425178e-01 -2.1579605606e-01 
-1.8384409933e+00 -1.4664726950e+00 1.1755518776e+00 -5.9993365174e-01 2.1581478160e-01 
-1.8022317349e+00 -1.4053379925e+00 1.1367311883e+00 6.0508798634e-01 -2.1718271120e-01 
-1.7405455828e+00 -1.2535126330e+00 1.0089453075e+00 5.9984170465e-01 2.1699428624e-01 
-1.7406107690e+00 1.2760442325e+00 -8.7758070741e-01 -4.9938594929e-01 -1.7217202746e-01 
-1.8023144286e+00 1.5119832568e+00 -1.0037460654e+00 -5.5175837129e-01 1.7226244823e-01 
-1.8384078105e+00 1.5191101685e+00 -1.0016125180e+00 4.9957721158e-01 -1.9931834691e-01 
-1.8170775097e+00 1.4206758822e+00 -8.3629305406e-01 5.5176110743e-01 1.9927737194e-01 
-1.8138606116e+00 1.4141170050e+00 8.7771080386e-01 -5.9895385970e-01 -2.2748587905e-01 
-1.8607544386e+00 1.4665199003e+00 1.0038094803e+00 -4.9421908236e-01 2.2742617343e-01 
-1.8447371984e+00 1.4052702459e+00 1.0015045710e+00 5.9876463793e-01 -1.7284107321e-01 
-1.6965731778e+00 1.2534069484e+00 8.3624479206e-01 4.9395312127e-01 1.7265751274e-01 
1.6966050337e+00 -1.2533417414e+00 -8.3622786123e-01 -4.9405256424e-01 -1.7263473242e-01 
1.8445526012e+00 -1.4051836536e+00 -1.0015085697e+00 -5.9882518588e-01 1.7290317219e-01 
1.8607776842e+00 -1.4665448034e+00 -1.0037991125e+00 4.9421600841e-01 -2.2747512572e-01 
1.8137442146e+00 -1.4140415245e+00 -8.7770812634e-01 5.9895734056e-01 2.2739732839e-01 
1.8171108146e+00 -1.4205799571e+00 8.3625599466e-01 -5.5182843293e-01 -1.9922503853e-01 
1.8384250461e+00 -1.5191886725e+00 1.0015843657e+00 -4.9951984760e-01 1.9932145704e-01 
1.8022936307e+00 -1.5118988150e+00 1.0036950978e+00 5.5184361591e-01 -1.7220535932e-01 
1.7405079174e+00 -1.2760593667e+00 8.7752599356e-01 4.9935416532e-01 1.7207931461e-01 
1.7405347405e+00 1.2534940925e+00 -1.0089432707e+00 -5.9983397738e-01 -2.1698386916e-01 
1.8022438341e+00 1.4052834691e+00 -1.1366334871e+00 -6.0491632735e-01 2.1711194767e-01 
1.8384117381e+00 1.4664110574e+00 -1.1756923238e+00 5.9990030076e-01 -2.1583110976e-01 
1.8170378881e+00 1.4140702364e+00 -9.8569144678e-01 6.0507890530e-01 2.1585089121e-01 
1.8139023629e+00 1.4207678519e+00 1.0090117654e+00 -7.5576589284e-01 -2.8422256717e-01 
1.8608553290e+00 1.5192848337e+00 1.1368033113e+00 -6.9568422122e-01 2.8424754399e-01 
1.8449886553e+00 1.5123615169e+00 1.1758162772e+00 7.5560391922e-01 -2.8697552009e-01 
1.6970455867e+00 1.2766993831e+00 9.8572313614e-01 6.9540870598e-01 2.8662061175e-01 


1.6610040361e+02 5.9319355776e+02 8.2342434401e+02 5.4558088932e+02 1.2672130599e+02 
1.2497567236e+02 3.3062221843e+02 3.4135774332e+02 1.6372173648e+02 1.2690155548e+02 
8.9850030108e+01 1.9587346929e+02 1.7576957664e+02 5.4658935313e+02 4.6818789397e+01 
8.2215470637e+01 1.6786169135e+02 1.5237377520e+02 1.6381331574e+02 4.6816100121e+01 
7.3900492071e+01 1.4216734655e+02 8.2468513069e+02 1.2843267878e+02 5.1914477982e+01 
7.2667340924e+01 1.4572411860e+02 3.4157480378e+02 1.4621101033e+02 5.1936958059e+01 
6.9423196678e+01 1.5504312246e+02 1.7579375774e+02 1.2846793576e+02 5.7044520640e+01 
6.6338185048e+01 1.6483471938e+02 1.5233367008e+02 1.4611789336e+02 5.7006204202e+01 
6.6331388932e+01 5.9460764905e+02 1.7059981984e+02 1.7028288782e+02 6.2417780400e+01 
6.9350460014e+01 3.3074577495e+02 1.7995035206e+02 1.3194679620e+02 6.2378373975e+01 
7.2717573004e+01 1.9576190614e+02 2.2561277225e+02 1.7039432517e+02 5.0746181484e+01 
7.3950442659e+01 1.6790066698e+02 3.0499783039e+02 1.3198106955e+02 5.0749177099e+01 
8.2164726186e+01 1.4211581792e+02 1.7063499721e+02 1.4315537745e+02 4.8817914051e+01 
8.9837975403e+01 1.4570245286e+02 1.8000871404e+02 2.7040068536e+02 4.8806098174e+01 
1.2514340587e+02 1.5501068589e+02 2.2547778624e+02 1.4307717996e+02 8.4691906248e+01 
1.6646987691e+02 1.6489206697e+02 3.0495755460e+02 2.7034126667e+02 8.4803403455e+01 
1.6638254301e+02 1.6488381272e+02 3.0487921902e+02 2.6995130134e+02 8.4721949991e+01 
1.2515054030e+02 1.5508049370e+02 2.2565466778e+02 1.4309525850e+02 8.4873806292e+01 
8.9832193832e+01 1.4568032638e+02 1.7995706517e+02 2.7031428346e+02 4.8785957221e+01 
8.2245017253e+01 1.4216019760e+02 1.7061789632e+02 1.4318974516e+02 4.8792401974e+01 
7.3900266267e+01 1.6808866500e+02 3.0513459267e+02 1.3198862369e+02 5.0765434968e+01 
7.2656173502e+01 1.9579278650e+02 2.2556694471e+02 1.7035176351e+02 5.0778782074e+01 
6.9347648733e+01 3.3093035309e+02 1.7991437448e+02 1.3198503500e+02 6.2425141183e+01 
6.6382241936e+01 5.9470312677e+02 1.7062200284e+02 1.7026387441e+02 6.2317574127e+01 
6.6368036868e+01 1.6483550216e+02 1.5236740751e+02 1.4605839204e+02 5.6992319942e+01 
6.9430934684e+01 1.5508158951e+02 1.7576048237e+02 1.2839755691e+02 5.7012107991e+01 
7.2678796807e+01 1.4574660959e+02 3.4166042023e+02 1.4616884178e+02 5.1936530084e+01 
7.3927297097e+01 1.4211097158e+02 8.2508234769e+02 1.2843850473e+02 5.1900711395e+01 
8.2221113429e+01 1.6795306992e+02 1.5240260095e+02 1.6385489218e+02 4.6855953934e+01 
8.9844998088e+01 1.9587894570e+02 1.7577819632e+02 5.4652695961e+02 4.6836538953e+01 
1.2507683200e+02 3.3067513496e+02 3.4145566093e+02 1.6374023004e+02 1.2687773842e+02 
1.6610937445e+02 5.9304381039e+02 8.2301614477e+02 5.4609555326e+02 1.2662341406e+02 


-2.6808918332e-01 1.4637971248e+00 2.8471063932e+00 2.7675291442e+00 1.2530702287e+00 
1.7150332239e-01 2.1621945686e+00 2.8138147388e+00 1.8398168150e+00 -1.1125679490e+00 
-1.1169546024e-01 1.4149953211e+00 1.5361083944e+00 -1.5398955320e+00 4.7624308729e-01 
-3.5532323904e-01 9.1803475359e-01 1.0014529584e+00 -7.2445480062e-01 -4.1806028359e-01 
-3.5748113372e-01 8.6216455284e-01 8.7389564222e-02 9.8913380850e-01 4.2871532333e-01 
-2.7430136226e-01 1.0510067130e+00 4.5330843411e-01 1.1851133273e+00 -3.0235361128e-01 
-1.3849896599e-01 1.4671442294e+00 -9.0327214750e-02 -5.5579557393e-01 7.6777230925e-01 
-1.7804928350e-01 1.4312475648e+00 -5.8138949377e-01 -1.4833434002e+00 -8.3040448629e-01 
-8.0177117479e-02 1.9482755093e+00 3.2301681892e-01 -2.1609357552e-01 -1.8448564714e-01 
1.3568764147e-03 2.3657894295e+00 1.0654096325e+00 7.2082841920e-01 3.2368108603e-01 
4.0836472632e-01 1.5699390023e+00 2.5012650834e+00 9.7867538033e-01 5.9845594810e-01 
6.6261938739e-01 9.4549191388e-01 2.9295200870e+00 -3.1010901381e-01 -5.5695845415e-01 
9.8443077779e-01 1.7267180997e-01 6.5284386142e-01 1.5098899148e+00 1.3187619814e-01 
1.3484372900e+00 -4.9814886437e-01 -1.7487728441e-01 2.4155755648e+00 -4.6874982861e-02 
1.7506319199e+00 -1.5114989917e+00 -1.9108667571e+00 -1.0544465137e+00 8.6567409630e-01 
1.3377931474e+00 -1.5739140298e+00 -2.5528807056e+00 -1.9280534780e+00 -7.6721809461e-01 
1.3373861892e+00 -1.5737681051e+00 -2.5522653919e+00 -1.9267483548e+00 -7.6682786306e-01 
1.7498866153e+00 -1.5116427315e+00 -1.9108884079e+00 -1.0543463944e+00 8.6653726491e-01 
1.3483921157e+00 -4.9809467902e-01 -1.7488754740e-01 2.4148681177e+00 -4.7099287590e-02 
9.8410190047e-01 1.7227463843e-01 6.5281231919e-01 1.5096502542e+00 1.3185706775e-01 
6.6306390877e-01 9.4538505369e-01 2.9300049887e+00 -3.1043003593e-01 -5.5721971744e-01 
4.0866064513e-01 1.5700127346e+00 2.5013138607e+00 9.7840061289e-01 5.9844766690e-01 
1.3080666948e-03 2.3651825662e+00 1.0650325614e+00 7.2107682810e-01 3.2384930746e-01 
-8.0823183944e-02 1.9483851066e+00 3.2269381321e-01 -2.1591063154e-01 -1.8440953522e-01 
-1.7811973914e-01 1.4308913206e+00 -5.8136611991e-01 -1.4831073841e+00 -8.3054144547e-01 
-1.3831784351e-01 1.4663102752e+00 -9.0463367309e-02 -5.5611049377e-01 7.6766531263e-01 
-2.7466080110e-01 1.0507850709e+00 4.5405566948e-01 1.1852967980e+00 -3.0233237349e-01 
-3.5867958437e-01 8.6247540762e-01 8.7588299201e-02 9.8914099963e-01 4.2873605114e-01 
-3.5553338560e-01 9.1724576716e-01 1.0017327496e+00 -7.2399505050e-01 -4.1811717437e-01 
-1.1191345290e-01 1.4144625512e+00 1.5354185582e+00 -1.5395316022e+00 4.7627099982e-01 
1.7080194319e-01 2.1618196862e+00 2.8128942234e+00 1.8395898881e+00 -1.1119819369e+00 
-2.6847943969e-01 1.4634382851e+00 2.8469522968e+00 2.7674726840e+00 1.2523621566e+00 


1.3822684487e+00 2.4745364538e+00 1.9878424297e+00 9.1626980461e-01 3.1835223570e-01 
1.7693018428e+00 2.4904001899e+00 1.6571295326e+00 8.9465278421e-01 -6.6088150907e-01 
1.4413334645e+00 1.6453398246e+00 6.1003508743e-01 -2.4798343210e+00 1.3726038055e-01 
1.1023741828e+00 1.0961401369e+00 -5.6333432470e-02 -1.9146334343e+00 -2.6502893141e-01 
7.7327110156e-01 3.1181234616e-01 -3.4751370446e+00 4.5328914738e-01 5.4115617803e-01 
4.9747187222e-01 -3.9245481145e-01 -3.2358236222e+00 -8.9431217568e-01 -6.1984739101e-01 
3.3107299055e-02 -1.2884813422e+00 -1.6480038033e+00 -9.3516905742e-01 -3.7924788706e-01 
-5.1271557675e-02 -1.1863145654e+00 -8.1933099928e-01 6.6412252920e-02 2.0505379146e-01 
-1.6653629734e-01 -2.1153856428e+00 1.1188844440e+00 1.6506844244e+00 8.2733768150e-01 
-1.4230062666e-01 -2.3008881535e+00 4.7099791641e-01 5.8204371632e-01 -7.8289094297e-01 
-3.9470311534e-01 -1.4947506656e+00 -6.6686842676e-01 -1.3455294853e+00 1.5006651541e-01 
-5.3392863052e-01 -1.0712296714e+00 -7.9115745345e-01 -8.7403180886e-01 -2.6520997499e-01 
-6.0937346273e-01 -9.0345512080e-01 -9.6557397697e-01 3.4395440009e-01 3.6433585744e-01 
-5.2003050673e-01 -1.0088461146e+00 -1.1540464044e+00 4.2219307532e-01 -3.8453773118e-01 
-3.1657916897e-01 -1.2330694898e+00 -1.7441940104e+00 -1.1337028899e+00 4.9674294256e-01 
-4.4275573341e-01 -9.8797402066e-01 -1.6423260482e+00 -1.5169772674e+00 -6.3796005290e-01 
4.4228909887e-01 9.8757515662e-01 1.6419699557e+00 1.5180643441e+00 6.3794553738e-01 
3.1700177600e-01 1.2321260356e+00 1.7433540845e+00 1.1343610999e+00 -4.9681837843e-01 
5.1982734408e-01 1.0088735749e+00 1.1541771382e+00 -4.2239443924e-01 3.8474502975e-01 
6.1016845467e-01 9.0271000931e-01 9.6566985663e-01 -3.4393142300e-01 -3.6395414386e-01 
5.3388012400e-01 1.0699079117e+00 7.9138603081e-01 8.7396209884e-01 2.6494228313e-01 
3.9449619862e-01 1.4945770458e+00 6.6629781532e-01 1.3451284939e+00 -1.4998196355e-01 
1.4240814022e-01 2.2996452942e+00 -4.7104626205e-01 -5.8185256029e-01 7.8282914226e-01 
1.6698546934e-01 2.1154182486e+00 -1.1184833254e+00 -1.6501582510e+00 -8.2635742028e-01 
5.1397383082e-02 1.1859899634e+00 8.1902809761e-01 -6.6386796855e-02 -2.0507540035e-01 
-3.3056134665e-02 1.2888258189e+00 1.6473331703e+00 9.3447104415e-01 3.7916420925e-01 
-4.9768201536e-01 3.9235533120e-01 3.2360107216e+00 8.9408968653e-01 6.2003786768e-01 
-7.7272904373e-01 -3.1215335262e-01 3.4754752756e+00 -4.5321369590e-01 -5.4116633552e-01 
-1.1027263821e+00 -1.0964645416e+00 5.6086720895e-02 1.9143538572e+00 2.6500246963e-01 
-1.4411864898e+00 -1.6452513356e+00 -6.0997203173e-01 2.4790233870e+00 -1.3730033810e-01 
-1.7689272911e+00 -2.4904526953e+00 -1.6570551383e+00 -8.9479236538e-01 6.6061374022e-01 
-1.3823692040e+00 -2.4748362271e+00 -1.9870968965e+00 -9.1615714009e-01 -3.1825505343e-01 


