-5.9401955290e-02 -1.0355747559e-01 -9.6839521332e-02 -5.1289036435e-02 
-4.1573960473e-02 -6.0988480975e-02 -3.7568534816e-02 4.5135711589e-02 
-3.3124523787e-02 -4.7220876540e-02 5.9515731306e-02 -1.5198086607e-02 
-1.3068024791e-02 -1.6720298210e-03 -3.4851975166e-03 8.3510236903e-03 
-4.6982455913e-02 3.3373901253e-02 -5.9012013214e-02 -2.5498014514e-02 
-2.7564827486e-02 -1.3768755117e-02 5.1564587918e-03 1.8784327000e-02 
-2.0137374022e-02 -2.6195200461e-02 2.0269915074e-02 1.1913703695e-02 
1.6318006629e-04 -7.1857535117e-02 -4.4684185331e-02 -1.8690688681e-02 
2.5180583447e-04 -7.1964245950e-02 -4.4772233911e-02 -1.8783115075e-02 
-2.0133735903e-02 -2.6289129435e-02 2.0141369772e-02 1.1966549041e-02 
-2.7485319584e-02 -1.3777777169e-02 5.2813828128e-03 1.8713729234e-02 
-4.6978118046e-02 3.3228514443e-02 -5.8898599009e-02 -2.5372708605e-02 
-1.3009298584e-02 -1.5992448983e-03 -3.5494957029e-03 8.2518243835e-03 
-3.3119415750e-02 -4.7220283801e-02 5.9433130075e-02 -1.5074098542e-02 
-4.1592343813e-02 -6.0800746851e-02 -3.7360117316e-02 4.5067001456e-02 
-5.9355163138e-02 -1.0354571670e-01 -9.6866974007e-02 -5.1261399660e-02 


-1.2491121185e-01 -2.0846054217e-01 -1.9473933578e-01 -9.4679055952e-02 
-1.3453331855e-01 -2.2856428344e-01 -2.1941404308e-01 9.7733332705e-02 
-1.3441342257e-01 -2.2776992125e-01 2.0893337433e-01 -1.0563072319e-01 
-1.3735224586e-01 -2.3645901758e-01 2.2245447069e-01 1.0635919298e-01 
-1.2990178964e-01 2.3016487824e-01 -2.0786339576e-01 -1.0337899441e-01 
-1.3549016892e-01 2.3605773244e-01 -2.1858102331e-01 1.0464803639e-01 
-1.3930352895e-01 2.3084229584e-01 2.1482338854e-01 -1.0801626794e-01 
-1.3817904752e-01 2.2532025515e-01 2.1389084750e-01 1.0680886357e-01 
1.3815800917e-01 -2.2533966778e-01 -2.1395690203e-01 -1.0691924201e-01 
1.3937767086e-01 -2.3096667561e-01 -2.1475498390e-01 1.0788730202e-01 
1.3546103895e-01 -2.3611782534e-01 2.1828028012e-01 -1.0456446322e-01 
1.2978677041e-01 -2.2999355918e-01 2.0755649225e-01 1.0319683462e-01 
1.3754698992e-01 2.3657800141e-01 -2.2251003037e-01 -1.0624784536e-01 
1.3426873998e-01 2.2763809229e-01 -2.0879873797e-01 1.0541259573e-01 
1.3469513414e-01 2.2858543942e-01 2.1928980640e-01 -9.7725832859e-02 
1.2486435223e-01 2.0845719685e-01 1.9473107110e-01 9.4625841485e-02 


-4.4335897781e-01 -3.1737280335e-01 -1.8319877429e-01 -6.2990180148e-02 
-4.4433062490e-01 -3.1880502834e-01 -1.8420353259e-01 6.3011470649e-02 
-4.4435078349e-01 -3.1847256010e-01 1.8320660081e-01 -6.3154387837e-02 
-4.4360529398e-01 -3.1670345705e-01 1.8418310483e-01 6.3160619889e-02 
-4.4357681105e-01 3.1740651207e-01 -1.8245991769e-01 -6.2397926189e-02 
-4.4437350191e-01 3.1876714182e-01 -1.8208290946e-01 6.2367593586e-02 
-4.4430344605e-01 3.1845068890e-01 1.8239787094e-01 -6.2339690641e-02 
-4.4332937216e-01 3.1665519067e-01 1.8205887969e-01 6.2283932060e-02 
4.4334191500e-01 -3.1666039459e-01 -1.8211515846e-01 -6.2322319153e-02 
4.4423996559e-01 -3.1840664316e-01 -1.8236308510e-01 6.2312602397e-02 
4.4433825604e-01 -3.1872584902e-01 1.8202577569e-01 -6.2321684990e-02 
4.4356649560e-01 -3.1738202024e-01 1.8238708450e-01 6.2343821454e-02 
4.4354644578e-01 3.1665323592e-01 -1.8417665067e-01 -6.3111985780e-02 
4.4439956520e-01 3.1847728938e-01 -1.8320236824e-01 6.3100123594e-02 
4.4427758325e-01 3.1875661355e-01 1.8414508402e-01 -6.2995925295e-02 
4.4337600270e-01 3.1738362515e-01 1.8322117437e-01 6.2997765091e-02 


1.5647343755e+02 3.2698074006e+02 3.0735585352e+02 1.0894557293e+02 
1.5564909536e+02 3.2258642770e+02 2.9836099227e+02 1.0884928742e+02 
1.5525073352e+02 3.1920384883e+02 3.0730993633e+02 1.0710273506e+02 
1.5407193132e+02 3.1690988451e+02 2.9833252947e+02 1.0704928683e+02 
1.5431034074e+02 3.2693759627e+02 3.0012443608e+02 1.0774404422e+02 
1.5497665378e+02 3.2285183198e+02 3.0283676091e+02 1.0754892990e+02 
1.5573463514e+02 3.1871096348e+02 2.9949621114e+02 1.0825306605e+02 
1.5643790031e+02 3.1686247489e+02 3.0275016180e+02 1.0806853718e+02 
1.5641617182e+02 3.1707178814e+02 3.0290826199e+02 1.0824939929e+02 
1.5599009967e+02 3.1903773265e+02 2.9948981403e+02 1.0818238928e+02 
1.5501518772e+02 3.2284118562e+02 3.0274432688e+02 1.0738536196e+02 
1.5425918454e+02 3.2673820500e+02 2.9974798431e+02 1.0750957165e+02 
1.5440624547e+02 3.1713622714e+02 2.9838938336e+02 1.0690994548e+02 
1.5488816953e+02 3.1882773155e+02 3.0689547696e+02 1.0683386512e+02 
1.5588956717e+02 3.2269006932e+02 2.9805229135e+02 1.0882353284e+02 
1.5636043699e+02 3.2700874693e+02 3.0740340789e+02 1.0889468406e+02 


-1.0565912628e-01 -6.5606945572e-02 -3.9516437015e-02 -1.9412597012e-02 
-7.6488087323e-02 5.4718810610e-03 6.5269511473e-02 2.7602650486e-02 
-3.5322272003e-02 1.0544436929e-01 9.2259187284e-02 5.2304962678e-02 
-4.5168462404e-03 1.7888355247e-01 -1.9543617779e-02 -4.5993151101e-02 
9.9973743494e-03 1.5909833131e-01 5.5051847200e-02 -5.7947347807e-03 
4.2263700006e-02 8.1716847615e-02 1.7126068214e-01 1.2621736211e-02 
8.6529803077e-02 -2.5526412957e-02 -1.0417974429e-02 7.3488581732e-02 
1.1828964728e-01 -1.0317846354e-01 -1.2798533754e-01 -6.6778992698e-02 
1.1838205322e-01 -1.0328349153e-01 -1.2805625692e-01 -6.6869222121e-02 
8.6504678424e-02 -2.5628215807e-02 -1.0551783002e-02 7.3527202622e-02 
4.2310852331e-02 8.1719201446e-02 1.7131599170e-01 1.2576833704e-02 
9.9907143164e-03 1.5896327839e-01 5.5065089178e-02 -5.7312466944e-03 
-4.5568152025e-03 1.7885706432e-01 -1.9601129788e-02 -4.6028337422e-02 
-3.5227680219e-02 1.0545509059e-01 9.2181601606e-02 5.2326781909e-02 
-7.6626058984e-02 5.5344264131e-03 6.5329240082e-02 2.7562711797e-02 
-1.0557202340e-01 -6.5565879052e-02 -3.9483880735e-02 -1.9366625727e-02 


5.3072028776e-02 3.0999052543e-01 2.9443977456e-01 1.3280146362e-01 
4.0306633463e-02 2.7740392396e-01 2.4475231674e-01 -1.3141846267e-01 
2.3362329452e-02 2.3742830220e-01 -2.8254669656e-01 1.0086595602e-01 
1.3472370607e-02 2.1394136458e-01 -2.5257881495e-01 -1.0402194142e-01 
9.8294706472e-03 -2.7443049935e-01 2.4125377441e-01 1.1288025057e-01 
6.1516216580e-03 -2.6502603710e-01 2.2357242263e-01 -1.1223990637e-01 
3.3938604639e-03 -2.5863633745e-01 -2.4716753462e-01 1.0659537416e-01 
2.5828921426e-03 -2.5862768460e-01 -2.5088834370e-01 -1.1089267890e-01 
-2.6759196251e-03 2.5863891735e-01 2.5115663446e-01 1.1100900205e-01 
-2.9520952785e-03 2.5825221500e-01 2.4702971250e-01 -1.0656624741e-01 
-5.9753399177e-03 2.6472635158e-01 -2.2354569175e-01 1.1205243853e-01 
-9.8846539879e-03 2.7446143478e-01 -2.4114235532e-01 -1.1274655164e-01 
-1.2942879494e-02 -2.1354534541e-01 2.5248638349e-01 1.0385358807e-01 
-2.3783056816e-02 -2.3758616093e-01 2.8265752945e-01 -1.0078079134e-01 
-3.9855281492e-02 -2.7712339598e-01 -2.4456555312e-01 1.3134137706e-01 
-5.3210143782e-02 -3.1005096561e-01 -2.9456578583e-01 -1.3289474171e-01 


