Statei,Action,Staten,xcmi,ycmi,xcmn,ycmn,thetai,thetan
7,0,3,2.2500000000e+02,2.2500000000e+02,2.2463799126e+02,2.2518986891e+02,0.0000000000e+00,1.2088283420e+00
3,1,1,2.2463799126e+02,2.2518986891e+02,2.2401417600e+02,2.2517339115e+02,1.2088283420e+00,1.9495480703e+00
1,0,5,2.2401417600e+02,2.2517339115e+02,2.2442670975e+02,2.2506595493e+02,1.9495480703e+00,7.1966171097e-01
5,1,7,2.2442670975e+02,2.2506595493e+02,2.2490809236e+02,2.2475892810e+02,7.1966171097e-01,-1.8070971030e-02
7,1,5,2.2490809236e+02,2.2475892810e+02,2.2442593347e+02,2.2506592961e+02,-1.8070971030e-02,7.1950865717e-01
5,2,4,2.2442593347e+02,2.2506592961e+02,2.2415589868e+02,2.2527788236e+02,7.1950865717e-01,9.8698461836e-01
4,0,0,2.2415589868e+02,2.2527788236e+02,2.2379059136e+02,2.2546051755e+02,9.8698461836e-01,2.1957858771e+00
0,2,1,2.2379059136e+02,2.2546051755e+02,2.2411706575e+02,2.2533167335e+02,2.1957858771e+00,1.9159308275e+00
1,0,5,2.2411706575e+02,2.2533167335e+02,2.2452575539e+02,2.2521043219e+02,1.9159308275e+00,6.8604446820e-01
5,0,1,2.2452575539e+02,2.2521043219e+02,2.2411785516e+02,2.2533165709e+02,6.8604446820e-01,1.9158280060e+00
1,0,5,2.2411785516e+02,2.2533165709e+02,2.2452653233e+02,2.2521037391e+02,1.9158280060e+00,6.8594164670e-01
5,2,4,2.2452653233e+02,2.2521037391e+02,2.2426376295e+02,2.2543126982e+02,6.8594164670e-01,9.5341760789e-01
4,1,6,2.2426376295e+02,2.2543126982e+02,2.2459791243e+02,2.2490405214e+02,9.5341760789e-01,2.1257520439e-01
6,2,7,2.2459791243e+02,2.2490405214e+02,2.2487987260e+02,2.2469440760e+02,2.1257520439e-01,-6.7306818560e-02
7,2,6,2.2487987260e+02,2.2469440760e+02,2.2459804347e+02,2.2490341514e+02,-6.7306818560e-02,2.1252421056e-01
6,0,2,2.2459804347e+02,2.2490341514e+02,2.2427897605e+02,2.2518603897e+02,2.1252421056e-01,1.4423658514e+00
2,1,0,2.2427897605e+02,2.2518603897e+02,2.2375555596e+02,2.2541445380e+02,1.4423658514e+00,2.1799697570e+00
0,1,2,2.2375555596e+02,2.2541445380e+02,2.2427926736e+02,2.2518468822e+02,2.1799697570e+00,1.4423078380e+00
2,1,0,2.2427926736e+02,2.2518468822e+02,2.2375586052e+02,2.2541313341e+02,1.4423078380e+00,2.1799117437e+00
0,1,2,2.2375586052e+02,2.2541313341e+02,2.2427955858e+02,2.2518333745e+02,2.1799117437e+00,1.4422498247e+00
2,0,6,2.2427955858e+02,2.2518333745e+02,2.2459866664e+02,2.2490123782e+02,1.4422498247e+00,2.1251199388e-01
6,1,4,2.2459866664e+02,2.2490123782e+02,2.2426395420e+02,2.2542855258e+02,2.1251199388e-01,9.5329862643e-01
4,0,0,2.2426395420e+02,2.2542855258e+02,2.2390500520e+02,2.2562338756e+02,9.5329862643e-01,2.1620998851e+00
0,0,4,2.2390500520e+02,2.2562338756e+02,2.2426467662e+02,2.2542836223e+02,2.1620998851e+00,9.5333814673e-01
4,1,6,2.2426467662e+02,2.2542836223e+02,2.2459878421e+02,2.2490111800e+02,9.5333814673e-01,2.1249574323e-01
6,2,7,2.2459878421e+02,2.2490111800e+02,2.2488072772e+02,2.2469145105e+02,2.1249574323e-01,-6.7386279720e-02
7,0,3,2.2488072772e+02,2.2469145105e+02,2.2453232547e+02,2.2490526499e+02,-6.7386279720e-02,1.1414420623e+00
3,2,2,2.2453232547e+02,2.2490526499e+02,2.2420927345e+02,2.2502192497e+02,1.1414420623e+00,1.4088404960e+00
2,0,6,2.2420927345e+02,2.2502192497e+02,2.2451878043e+02,2.2472932357e+02,1.4088404960e+00,1.7910266523e-01
6,1,4,2.2451878043e+02,2.2472932357e+02,2.2420186873e+02,2.2526752450e+02,1.7910266523e-01,9.1988929778e-01
4,1,6,2.2420186873e+02,2.2526752450e+02,2.2451815701e+02,2.2472940176e+02,9.1988929778e-01,1.7904689428e-01
6,2,7,2.2451815701e+02,2.2472940176e+02,2.2479293100e+02,2.2451042316e+02,1.7904689428e-01,-1.0083512867e-01
7,0,3,2.2479293100e+02,2.2451042316e+02,2.2445187413e+02,2.2473576899e+02,-1.0083512867e-01,1.1079932133e+00
3,1,1,2.2445187413e+02,2.2473576899e+02,2.2382956885e+02,2.2478217088e+02,1.1079932133e+00,1.8487129416e+00
1,1,3,2.2382956885e+02,2.2478217088e+02,2.2445190661e+02,2.2473546624e+02,1.8487129416e+00,1.1080797188e+00
3,1,1,2.2445190661e+02,2.2473546624e+02,2.2382959732e+02,2.2478181430e+02,1.1080797188e+00,1.8487994470e+00
1,0,5,2.2382959732e+02,2.2478181430e+02,2.2422923342e+02,2.2463343094e+02,1.8487994470e+00,6.1891308773e-01
5,2,4,2.2422923342e+02,2.2463343094e+02,2.2398184936e+02,2.2487143068e+02,6.1891308773e-01,8.8638904892e-01
4,0,0,2.2398184936e+02,2.2487143068e+02,2.2363673015e+02,2.2508982891e+02,8.8638904892e-01,2.0951903076e+00
0,2,1,2.2363673015e+02,2.2508982891e+02,2.2394861476e+02,2.2492884957e+02,2.0951903076e+00,1.8153352581e+00
1,2,0,2.2394861476e+02,2.2492884957e+02,2.2363595680e+02,2.2508975120e+02,1.8153352581e+00,2.0953414298e+00
0,0,4,2.2363595680e+02,2.2508975120e+02,2.2398181712e+02,2.2487116701e+02,2.0953414298e+00,8.8657969139e-01
4,2,5,2.2398181712e+02,2.2487116701e+02,2.2422902535e+02,2.2463279302e+02,8.8657969139e-01,6.1920042251e-01
5,0,1,2.2422902535e+02,2.2463279302e+02,2.2383013319e+02,2.2478099260e+02,6.1920042251e-01,1.8489839603e+00
1,0,5,2.2383013319e+02,2.2478099260e+02,2.2422979667e+02,2.2463268297e+02,1.8489839603e+00,6.1909760101e-01
5,0,1,2.2422979667e+02,2.2463268297e+02,2.2383091975e+02,2.2478092357e+02,6.1909760101e-01,1.8488811388e+00
1,1,3,2.2383091975e+02,2.2478092357e+02,2.2445326536e+02,2.2473432360e+02,1.8488811388e+00,1.1082479160e+00
3,1,1,2.2445326536e+02,2.2473432360e+02,2.2383094828e+02,2.2478056700e+02,1.1082479160e+00,1.8489676442e+00
1,2,0,2.2383094828e+02,2.2478056700e+02,2.2351305665e+02,2.2493086419e+02,1.8489676442e+00,2.1289738160e+00
0,0,4,2.2351305665e+02,2.2493086419e+02,2.2386607150e+02,2.2472403352e+02,2.1289738160e+00,9.2021207757e-01
4,0,0,2.2386607150e+02,2.2472403352e+02,2.2351376420e+02,2.2493063609e+02,9.2021207757e-01,2.1290133363e+00
0,1,2,2.2351376420e+02,2.2493063609e+02,2.2402509285e+02,2.2467449383e+02,2.1290133363e+00,1.3913514173e+00
2,0,6,2.2402509285e+02,2.2467449383e+02,2.2432943543e+02,2.2437652446e+02,1.3913514173e+00,1.6161358649e-01
6,1,4,2.2432943543e+02,2.2437652446e+02,2.2402198435e+02,2.2492018529e+02,1.6161358649e-01,9.0240021904e-01
4,2,5,2.2402198435e+02,2.2492018529e+02,2.2427293270e+02,2.2468575193e+02,9.0240021904e-01,6.3502095016e-01
5,2,4,2.2427293270e+02,2.2468575193e+02,2.2402174722e+02,2.2491973614e+02,6.3502095016e-01,9.0249691135e-01
4,0,0,2.2402174722e+02,2.2491973614e+02,2.2367315501e+02,2.2513254715e+02,9.0249691135e-01,2.1112981701e+00
0,1,2,2.2367315501e+02,2.2513254715e+02,2.2417986607e+02,2.2486738729e+02,2.1112981701e+00,1.3736362511e+00
2,1,0,2.2417986607e+02,2.2486738729e+02,2.2367336825e+02,2.2513120898e+02,1.3736362511e+00,2.1112401567e+00
0,1,2,2.2367336825e+02,2.2513120898e+02,2.2418006392e+02,2.2486601972e+02,2.1112401567e+00,1.3735782377e+00
2,1,0,2.2418006392e+02,2.2486601972e+02,2.2367358140e+02,2.2512987079e+02,1.3735782377e+00,2.1111821434e+00
0,2,1,2.2367358140e+02,2.2512987079e+02,2.2398800037e+02,2.2497389943e+02,2.1111821434e+00,1.8313270938e+00
1,2,0,2.2398800037e+02,2.2497389943e+02,2.2367280939e+02,2.2512978073e+02,1.8313270938e+00,2.1113332655e+00
0,2,1,2.2367280939e+02,2.2512978073e+02,2.2398725193e+02,2.2497385688e+02,2.1113332655e+00,1.8314782160e+00
1,0,5,2.2398725193e+02,2.2497385688e+02,2.2438425803e+02,2.2481857393e+02,1.8314782160e+00,6.0159185668e-01
5,2,4,2.2438425803e+02,2.2481857393e+02,2.2414103331e+02,2.2506082275e+02,6.0159185668e-01,8.6906781787e-01
4,1,6,2.2414103331e+02,2.2506082275e+02,2.2442957680e+02,2.2450732747e+02,8.6906781787e-01,1.2822541437e-01
6,0,2,2.2442957680e+02,2.2450732747e+02,2.2413543905e+02,2.2481581285e+02,1.2822541437e-01,1.3580670552e+00
2,1,0,2.2413543905e+02,2.2481581285e+02,2.2363310994e+02,2.2508748801e+02,1.3580670552e+00,2.0956709608e+00
0,2,1,2.2363310994e+02,2.2508748801e+02,2.2394507188e+02,2.2492665859e+02,2.0956709608e+00,1.8158159113e+00
1,0,5,2.2394507188e+02,2.2492665859e+02,2.2433959730e+02,2.2476517691e+02,1.8158159113e+00,5.8592955195e-01
5,0,1,2.2433959730e+02,2.2476517691e+02,2.2394585572e+02,2.2492656352e+02,5.8592955195e-01,1.8157130898e+00
1,2,0,2.2394585572e+02,2.2492656352e+02,2.2363313699e+02,2.2508734701e+02,1.8157130898e+00,2.0957192615e+00
0,0,4,2.2363313699e+02,2.2508734701e+02,2.2397907987e+02,2.2486889351e+02,2.0957192615e+00,8.8695752308e-01
4,0,0,2.2397907987e+02,2.2486889351e+02,2.2363383657e+02,2.2508709551e+02,8.8695752308e-01,2.0957587818e+00
0,0,4,2.2363383657e+02,2.2508709551e+02,2.2397978808e+02,2.2486865569e+02,2.0957587818e+00,8.8699704338e-01
4,0,0,2.2397978808e+02,2.2486865569e+02,2.2363453616e+02,2.2508684405e+02,8.8699704338e-01,2.0957983021e+00
0,0,4,2.2363453616e+02,2.2508684405e+02,2.2398049630e+02,2.2486841789e+02,2.0957983021e+00,8.8703656368e-01
4,0,0,2.2398049630e+02,2.2486841789e+02,2.2363523575e+02,2.2508659261e+02,8.8703656368e-01,2.0958378224e+00
0,2,1,2.2363523575e+02,2.2508659261e+02,2.2394722453e+02,2.2492581525e+02,2.0958378224e+00,1.8159827728e+00
1,0,5,2.2394722453e+02,2.2492581525e+02,2.2434177689e+02,2.2476439940e+02,1.8159827728e+00,5.8609641352e-01
5,2,4,2.2434177689e+02,2.2476439940e+02,2.2410233497e+02,2.2501038786e+02,5.8609641352e-01,8.5357237471e-01
4,1,6,2.2410233497e+02,2.2501038786e+02,2.2438226751e+02,2.2445248811e+02,8.5357237471e-01,1.1272997121e-01
6,1,4,2.2438226751e+02,2.2445248811e+02,2.2410174923e+02,2.2501052283e+02,1.1272997121e-01,8.5351660376e-01
4,1,6,2.2410174923e+02,2.2501052283e+02,2.2438165065e+02,2.2445260747e+02,8.5351660376e-01,1.1267420026e-01
6,0,2,2.2438165065e+02,2.2445260747e+02,2.2409234559e+02,2.2476562956e+02,1.1267420026e-01,1.3425158411e+00
2,1,0,2.2409234559e+02,2.2476562956e+02,2.2359430193e+02,2.2504508338e+02,1.3425158411e+00,2.0801197467e+00
0,1,2,2.2359430193e+02,2.2504508338e+02,2.2409250079e+02,2.2476425649e+02,2.0801197467e+00,1.3424578277e+00
2,1,0,2.2409250079e+02,2.2476425649e+02,2.2359447335e+02,2.2504373921e+02,1.3424578277e+00,2.0800617334e+00
0,0,4,2.2359447335e+02,2.2504373921e+02,2.2393695352e+02,2.2481989610e+02,2.0800617334e+00,8.7129999496e-01
4,1,6,2.2393695352e+02,2.2481989610e+02,2.2422673179e+02,2.2426704629e+02,8.7129999496e-01,1.3045759146e-01
6,2,7,2.2422673179e+02,2.2426704629e+02,2.2449054565e+02,2.2403498031e+02,1.3045759146e-01,-1.4942443149e-01
7,0,3,2.2449054565e+02,2.2403498031e+02,2.2416083640e+02,2.2427662537e+02,-1.4942443149e-01,1.0594039105e+00
3,1,1,2.2416083640e+02,2.2427662537e+02,2.2354151933e+02,2.2435319799e+02,1.0594039105e+00,1.8001236388e+00
1,2,0,2.2354151933e+02,2.2435319799e+02,2.2323134502e+02,2.2451883686e+02,1.8001236388e+00,2.0801298105e+00
0,0,4,2.2323134502e+02,2.2451883686e+02,2.2357384044e+02,2.2429501706e+02,2.0801298105e+00,8.7136807211e-01
4,2,5,2.2357384044e+02,2.2429501706e+02,2.2381739416e+02,2.2405291036e+02,8.7136807211e-01,6.0398880323e-01
5,0,1,2.2381739416e+02,2.2405291036e+02,2.2342080242e+02,2.2420716036e+02,6.0398880323e-01,1.8337723410e+00
1,1,3,2.2342080242e+02,2.2420716036e+02,2.2404237295e+02,2.2415116317e+02,1.8337723410e+00,1.0931391182e+00
3,2,2,2.2404237295e+02,2.2415116317e+02,2.2372533056e+02,2.2428328538e+02,1.0931391182e+00,1.3605375519e+00
2,2,3,2.2372533056e+02,2.2428328538e+02,2.2404204160e+02,2.2415083944e+02,1.3605375519e+00,1.0931333468e+00
3,1,1,2.2404204160e+02,2.2415083944e+02,2.2342049453e+02,2.2420648325e+02,1.0931333468e+00,1.8338530751e+00
1,0,5,2.2342049453e+02,2.2420648325e+02,2.2381786829e+02,2.2405214357e+02,1.8338530751e+00,6.0396671580e-01
5,1,7,2.2381786829e+02,2.2405214357e+02,2.2426059048e+02,2.2369159989e+02,6.0396671580e-01,-1.3376596620e-01
7,1,5,2.2426059048e+02,2.2369159989e+02,2.2381709427e+02,2.2405220804e+02,-1.3376596620e-01,6.0381366200e-01
5,0,1,2.2381709427e+02,2.2405220804e+02,2.2342052955e+02,2.2420652749e+02,6.0381366200e-01,1.8335971998e+00
1,2,0,2.2342052955e+02,2.2420652749e+02,2.2310498551e+02,2.2436169287e+02,1.8335971998e+00,2.1136033715e+00
0,2,1,2.2310498551e+02,2.2436169287e+02,2.2341978120e+02,2.2420648324e+02,2.1136033715e+00,1.8337483220e+00
1,2,0,2.2341978120e+02,2.2420648324e+02,2.2310421372e+02,2.2436160094e+02,1.8337483220e+00,2.1137544937e+00
0,2,1,2.2310421372e+02,2.2436160094e+02,2.2341903286e+02,2.2420643888e+02,2.1137544937e+00,1.8338994441e+00
1,1,3,2.2341903286e+02,2.2420643888e+02,2.2404061050e+02,2.2415052070e+02,1.8338994441e+00,1.0932662213e+00
3,2,2,2.2404061050e+02,2.2415052070e+02,2.2372355132e+02,2.2428260262e+02,1.0932662213e+00,1.3606646550e+00
2,2,3,2.2372355132e+02,2.2428260262e+02,2.2404027920e+02,2.2415019693e+02,1.3606646550e+00,1.0932604499e+00
3,2,2,2.2404027920e+02,2.2415019693e+02,2.2372322078e+02,2.2428228068e+02,1.0932604499e+00,1.3606588837e+00
2,2,3,2.2372322078e+02,2.2428228068e+02,2.2403994789e+02,2.2414987316e+02,1.3606588837e+00,1.0932546786e+00
3,2,2,2.2403994789e+02,2.2414987316e+02,2.2372289023e+02,2.2428195874e+02,1.0932546786e+00,1.3606531123e+00
2,0,6,2.2372289023e+02,2.2428195874e+02,2.2401794370e+02,2.2397478842e+02,1.3606531123e+00,1.3091528153e-01
6,1,4,2.2401794370e+02,2.2397478842e+02,2.2372732432e+02,2.2452762985e+02,1.3091528153e-01,8.7170191408e-01
4,2,5,2.2372732432e+02,2.2452762985e+02,2.2397095886e+02,2.2428560446e+02,8.7170191408e-01,6.0432264520e-01
5,2,4,2.2397095886e+02,2.2428560446e+02,2.2372707352e+02,2.2452718819e+02,6.0432264520e-01,8.7179860639e-01
4,1,6,2.2372707352e+02,2.2452718819e+02,2.2401712741e+02,2.2397448293e+02,8.7179860639e-01,1.3095620289e-01
6,2,7,2.2401712741e+02,2.2397448293e+02,2.2428105695e+02,2.2374254852e+02,1.3095620289e-01,-1.4892582006e-01
7,1,5,2.2428105695e+02,2.2374254852e+02,2.2384307826e+02,2.2410983832e+02,-1.4892582006e-01,5.8865380814e-01
5,0,1,2.2384307826e+02,2.2410983832e+02,2.2344889848e+02,2.2427015167e+02,5.8865380814e-01,1.8184373459e+00
1,2,0,2.2344889848e+02,2.2427015167e+02,2.2313574289e+02,2.2443008264e+02,1.8184373459e+00,2.0984435177e+00
0,2,1,2.2313574289e+02,2.2443008264e+02,2.2344814954e+02,2.2427011877e+02,2.0984435177e+00,1.8185884681e+00
1,0,5,2.2344814954e+02,2.2427011877e+02,2.2384312116e+02,2.2410973155e+02,1.8185884681e+00,5.8870210881e-01
5,2,4,2.2384312116e+02,2.2410973155e+02,2.2360303909e+02,2.2435509527e+02,5.8870210881e-01,8.5617807000e-01
4,0,0,2.2360303909e+02,2.2435509527e+02,2.2326467439e+02,2.2458381865e+02,8.5617807000e-01,2.0649793287e+00
0,0,4,2.2326467439e+02,2.2458381865e+02,2.2360373965e+02,2.2435483577e+02,2.0649793287e+00,8.5621759030e-01
4,2,5,2.2360373965e+02,2.2435483577e+02,2.2384359753e+02,2.2410906703e+02,8.5621759030e-01,5.8883832142e-01
5,0,1,2.2384359753e+02,2.2410906703e+02,2.2344938817e+02,2.2426930765e+02,5.8883832142e-01,1.8186218592e+00
1,2,0,2.2344938817e+02,2.2426930765e+02,2.2313620308e+02,2.2442918084e+02,1.8186218592e+00,2.0986280309e+00
0,2,1,2.2313620308e+02,2.2442918084e+02,2.2344863925e+02,2.2426927462e+02,2.0986280309e+00,1.8187729814e+00
1,2,0,2.2344863925e+02,2.2426927462e+02,2.2313543000e+02,2.2442910047e+02,1.8187729814e+00,2.0987791531e+00
0,0,4,2.2313543000e+02,2.2442910047e+02,2.2348203971e+02,2.2421170654e+02,2.0987791531e+00,8.9001741472e-01
4,0,0,2.2348203971e+02,2.2421170654e+02,2.2313613035e+02,2.2442885112e+02,8.9001741472e-01,2.0988186734e+00
0,0,4,2.2313613035e+02,2.2442885112e+02,2.2348274864e+02,2.2421147089e+02,2.0988186734e+00,8.9005693502e-01
4,1,6,2.2348274864e+02,2.2421147089e+02,2.2378284510e+02,2.2366415336e+02,8.9005693502e-01,1.4921453152e-01
6,2,7,2.2378284510e+02,2.2366415336e+02,2.2405096514e+02,2.2343707625e+02,1.4921453152e-01,-1.3066749143e-01
7,0,3,2.2405096514e+02,2.2343707625e+02,2.2371678163e+02,2.2367249484e+02,-1.3066749143e-01,1.0781608506e+00
3,1,1,2.2371678163e+02,2.2367249484e+02,2.2309613732e+02,2.2373743817e+02,1.0781608506e+00,1.8188805788e+00
1,2,0,2.2309613732e+02,2.2373743817e+02,2.2278291088e+02,2.2389723032e+02,1.8188805788e+00,2.0988867506e+00
0,2,1,2.2278291088e+02,2.2389723032e+02,2.2309538840e+02,2.2373740494e+02,2.0988867506e+00,1.8190317010e+00
1,2,0,2.2309538840e+02,2.2373740494e+02,2.2278213782e+02,2.2389714976e+02,1.8190317010e+00,2.0990378727e+00
0,1,2,2.2278213782e+02,2.2389714976e+02,2.2328555993e+02,2.2362579755e+02,2.0990378727e+00,1.3613759538e+00
2,0,6,2.2328555993e+02,2.2362579755e+02,2.2358083535e+02,2.2331884059e+02,1.3613759538e+00,1.3163812296e-01
6,0,2,2.2358083535e+02,2.2331884059e+02,2.2328564655e+02,2.2362632036e+02,1.3163812296e-01,1.3614797638e+00
2,0,6,2.2328564655e+02,2.2362632036e+02,2.2358095383e+02,2.2331939405e+02,1.3614797638e+00,1.3174193296e-01
6,0,2,2.2358095383e+02,2.2331939405e+02,2.2328573311e+02,2.2362684318e+02,1.3174193296e-01,1.3615835738e+00
2,2,3,2.2328573311e+02,2.2362684318e+02,2.2360258252e+02,2.2349472860e+02,1.3615835738e+00,1.0941793686e+00
3,2,2,2.2360258252e+02,2.2349472860e+02,2.2328540286e+02,2.2362652094e+02,1.0941793686e+00,1.3615778024e+00
2,0,6,2.2328540286e+02,2.2362652094e+02,2.2358074024e+02,2.2331962359e+02,1.3615778024e+00,1.3183997160e-01
6,0,2,2.2358074024e+02,2.2331962359e+02,2.2328548937e+02,2.2362704377e+02,1.3183997160e-01,1.3616816124e+00
2,0,6,2.2328548937e+02,2.2362704377e+02,2.2358085860e+02,2.2332017708e+02,1.3616816124e+00,1.3194378160e-01
6,1,4,2.2358085860e+02,2.2332017708e+02,2.2328967079e+02,2.2387271931e+02,1.3194378160e-01,8.7273041415e-01
4,2,5,2.2328967079e+02,2.2387271931e+02,2.2353355412e+02,2.2363094463e+02,8.7273041415e-01,6.0535114527e-01
5,0,1,2.2353355412e+02,2.2363094463e+02,2.2313675260e+02,2.2378465419e+02,6.0535114527e-01,1.8351346831e+00
1,0,5,2.2313675260e+02,2.2378465419e+02,2.2353432383e+02,2.2363082392e+02,1.8351346831e+00,6.0524832377e-01
5,1,7,2.2353432383e+02,2.2363082392e+02,2.2397750774e+02,2.2327084793e+02,6.0524832377e-01,-1.3248435823e-01
7,0,3,2.2397750774e+02,2.2327084793e+02,2.2364375250e+02,2.2350687329e+02,-1.3248435823e-01,1.0763439838e+00
3,2,2,2.2364375250e+02,2.2350687329e+02,2.2332897373e+02,2.2364430138e+02,1.0763439838e+00,1.3437424175e+00
2,1,0,2.2332897373e+02,2.2364430138e+02,2.2283058767e+02,2.2392314411e+02,1.3437424175e+00,2.0813463232e+00
0,1,2,2.2283058767e+02,2.2392314411e+02,2.2332913062e+02,2.2364292851e+02,2.0813463232e+00,1.3436844042e+00
2,1,0,2.2332913062e+02,2.2364292851e+02,2.2283076074e+02,2.2392180015e+02,1.3436844042e+00,2.0812883098e+00
0,0,4,2.2283076074e+02,2.2392180015e+02,2.2317351522e+02,2.2369837728e+02,2.0812883098e+00,8.7252657142e-01
4,0,0,2.2317351522e+02,2.2369837728e+02,2.2283145662e+02,2.2392153859e+02,8.7252657142e-01,2.0813278301e+00
0,0,4,2.2283145662e+02,2.2392153859e+02,2.2317421992e+02,2.2369812927e+02,2.0813278301e+00,8.7256609172e-01
4,1,6,2.2317421992e+02,2.2369812927e+02,2.2346469792e+02,2.2314564678e+02,8.7256609172e-01,1.3172368822e-01
6,1,4,2.2346469792e+02,2.2314564678e+02,2.2317363172e+02,2.2369825309e+02,1.3172368822e-01,8.7251032077e-01
4,2,5,2.2317363172e+02,2.2369825309e+02,2.2341746183e+02,2.2345642474e+02,8.7251032077e-01,6.0513105189e-01
5,1,7,2.2341746183e+02,2.2345642474e+02,2.2386060351e+02,2.2309639678e+02,6.0513105189e-01,-1.3260163011e-01
7,0,3,2.2386060351e+02,2.2309639678e+02,2.2352687596e+02,2.2333246128e+02,-1.3260163011e-01,1.0762267119e+00
3,0,7,2.2352687596e+02,2.2333246128e+02,2.2386042692e+02,2.2309664411e+02,1.0762267119e+00,-1.3251360891e-01
7,1,5,2.2386042692e+02,2.2309664411e+02,2.2341647945e+02,2.2345669656e+02,-1.3251360891e-01,6.0506601929e-01
5,2,4,2.2341647945e+02,2.2345669656e+02,2.2317241459e+02,2.2369809892e+02,6.0506601929e-01,8.7254198048e-01
4,1,6,2.2317241459e+02,2.2369809892e+02,2.2346287926e+02,2.2314560943e+02,8.7254198048e-01,1.3169957698e-01
6,1,4,2.2346287926e+02,2.2314560943e+02,2.2317182639e+02,2.2369822276e+02,1.3169957698e-01,8.7248620953e-01
4,1,6,2.2317182639e+02,2.2369822276e+02,2.2346226025e+02,2.2314571707e+02,8.7248620953e-01,1.3164380603e-01
6,0,2,2.2346226025e+02,2.2314571707e+02,2.2316706969e+02,2.2345319517e+02,1.3164380603e-01,1.3614854468e+00
2,0,6,2.2316706969e+02,2.2345319517e+02,2.2346237872e+02,2.2314627054e+02,1.3614854468e+00,1.3174761603e-01
6,0,2,2.2346237872e+02,2.2314627054e+02,2.2316715625e+02,2.2345371799e+02,1.3174761603e-01,1.3615892568e+00
2,1,0,2.2316715625e+02,2.2345371799e+02,2.2266387337e+02,2.2372362217e+02,1.3615892568e+00,2.0991931625e+00
0,2,1,2.2266387337e+02,2.2372362217e+02,2.2297639985e+02,2.2356389254e+02,2.0991931625e+00,1.8193381129e+00
1,1,3,2.2297639985e+02,2.2356389254e+02,2.2359709738e+02,2.2349892961e+02,1.8193381129e+00,1.0787048901e+00
3,1,1,2.2359709738e+02,2.2349892961e+02,2.2297641783e+02,2.2356353528e+02,1.0787048901e+00,1.8194246183e+00
1,0,5,2.2297641783e+02,2.2356353528e+02,2.2337152342e+02,2.2340347837e+02,1.8194246183e+00,5.8953825904e-01
5,0,1,2.2337152342e+02,2.2340347837e+02,2.2297720200e+02,2.2356344303e+02,5.8953825904e-01,1.8193217968e+00
1,1,3,2.2297720200e+02,2.2356344303e+02,2.2359789848e+02,2.2349846997e+02,1.8193217968e+00,1.0786885740e+00
3,2,2,2.2359789848e+02,2.2349846997e+02,2.2328279836e+02,2.2363515967e+02,1.0786885740e+00,1.3460870077e+00
2,0,6,2.2328279836e+02,2.2363515967e+02,2.2357334641e+02,2.2332372431e+02,1.3460870077e+00,1.1634917695e-01
6,2,7,2.2357334641e+02,2.2332372431e+02,2.2383386004e+02,2.2308795955e+02,1.1634917695e-01,-1.6353284600e-01
7,2,6,2.2383386004e+02,2.2308795955e+02,2.2357341564e+02,2.2332307766e+02,-1.6353284600e-01,1.1629818312e-01
6,1,4,2.2357341564e+02,2.2332307766e+02,2.2329090796e+02,2.2388010789e+02,1.1629818312e-01,8.5708481567e-01
4,1,6,2.2329090796e+02,2.2388010789e+02,2.2357279835e+02,2.2332319482e+02,8.5708481567e-01,1.1624241217e-01
6,1,4,2.2357279835e+02,2.2332319482e+02,2.2329032174e+02,2.2388024081e+02,1.1624241217e-01,8.5702904472e-01
4,2,5,2.2329032174e+02,2.2388024081e+02,2.2353037897e+02,2.2363466679e+02,8.5702904472e-01,5.8964977584e-01
5,0,1,2.2353037897e+02,2.2363466679e+02,2.2313603972e+02,2.2379458748e+02,5.8964977584e-01,1.8194333136e+00
1,0,5,2.2313603972e+02,2.2379458748e+02,2.2353114670e+02,2.2363453400e+02,1.8194333136e+00,5.8954695434e-01
5,1,7,2.2353114670e+02,2.2363453400e+02,2.2396862409e+02,2.2326764408e+02,5.8954695434e-01,-1.4818572766e-01
7,0,3,2.2396862409e+02,2.2326764408e+02,2.2363861576e+02,2.2350888054e+02,-1.4818572766e-01,1.0606426143e+00
3,2,2,2.2363861576e+02,2.2350888054e+02,2.2332603351e+02,2.2365123395e+02,1.0606426143e+00,1.3280410481e+00
2,2,3,2.2332603351e+02,2.2365123395e+02,2.2363827407e+02,2.2350856775e+02,1.3280410481e+00,1.0606368430e+00
3,0,7,2.2363827407e+02,2.2350856775e+02,2.2396810829e+02,2.2326757943e+02,1.0606368430e+00,-1.4810347782e-01
7,2,6,2.2396810829e+02,2.2326757943e+02,2.2370406731e+02,2.2349865122e+02,-1.4810347782e-01,1.3172755130e-01
6,2,7,2.2370406731e+02,2.2349865122e+02,2.2396817567e+02,2.2326692047e+02,1.3172755130e-01,-1.4815447165e-01
7,2,6,2.2396817567e+02,2.2326692047e+02,2.2370414647e+02,2.2349800572e+02,-1.4815447165e-01,1.3167655747e-01
6,1,4,2.2370414647e+02,2.2349800572e+02,2.2341310632e+02,2.2405062575e+02,1.3167655747e-01,8.7246319002e-01
4,1,6,2.2341310632e+02,2.2405062575e+02,2.2370352746e+02,2.2349811338e+02,8.7246319002e-01,1.3162078652e-01
6,0,2,2.2370352746e+02,2.2349811338e+02,2.2340834398e+02,2.2380559827e+02,1.3162078652e-01,1.3614624273e+00
2,0,6,2.2340834398e+02,2.2380559827e+02,2.2370364595e+02,2.2349866684e+02,1.3614624273e+00,1.3172459652e-01
6,0,2,2.2370364595e+02,2.2349866684e+02,2.2340843055e+02,2.2380612109e+02,1.3172459652e-01,1.3615662373e+00
2,2,3,2.2340843055e+02,2.2380612109e+02,2.2372527767e+02,2.2367400102e+02,1.3615662373e+00,1.0941620322e+00
3,2,2,2.2372527767e+02,2.2367400102e+02,2.2340810030e+02,2.2380579885e+02,1.0941620322e+00,1.3615604660e+00
2,1,0,2.2340810030e+02,2.2380579885e+02,2.2290482519e+02,2.2407571752e+02,1.3615604660e+00,2.0991643716e+00
0,1,2,2.2290482519e+02,2.2407571752e+02,2.2340828162e+02,2.2380442899e+02,2.0991643716e+00,1.3615024526e+00
2,0,6,2.2340828162e+02,2.2380442899e+02,2.2370359587e+02,2.2349750939e+02,1.3615024526e+00,1.3176462182e-01
6,0,2,2.2370359587e+02,2.2349750939e+02,2.2340836817e+02,2.2380495182e+02,1.3176462182e-01,1.3616062626e+00
2,2,3,2.2340836817e+02,2.2380495182e+02,2.2372522058e+02,2.2367284443e+02,1.3616062626e+00,1.0942020575e+00
3,1,1,2.2372522058e+02,2.2367284443e+02,2.2310361439e+02,2.2372782395e+02,1.0942020575e+00,1.8349217858e+00
1,1,3,2.2310361439e+02,2.2372782395e+02,2.2372524888e+02,2.2367254126e+02,1.8349217858e+00,1.0942885629e+00
3,2,2,2.2372524888e+02,2.2367254126e+02,2.2340805483e+02,2.2380429896e+02,1.0942885629e+00,1.3616869967e+00
2,0,6,2.2340805483e+02,2.2380429896e+02,2.2370342572e+02,2.2349743386e+02,1.3616869967e+00,1.3194916589e-01
6,1,4,2.2370342572e+02,2.2349743386e+02,2.2341223493e+02,2.2404997453e+02,1.3194916589e-01,8.7273579844e-01
4,1,6,2.2341223493e+02,2.2404997453e+02,2.2370280668e+02,2.2349754135e+02,8.7273579844e-01,1.3189339494e-01
6,1,4,2.2370280668e+02,2.2349754135e+02,2.2341164670e+02,2.2405009825e+02,1.3189339494e-01,8.7268002749e-01
4,1,6,2.2341164670e+02,2.2405009825e+02,2.2370218764e+02,2.2349764887e+02,8.7268002749e-01,1.3183762399e-01
6,1,4,2.2370218764e+02,2.2349764887e+02,2.2341105848e+02,2.2405022201e+02,1.3183762399e-01,8.7262425654e-01
4,2,5,2.2341105848e+02,2.2405022201e+02,2.2365491614e+02,2.2380842144e+02,8.7262425654e-01,6.0524498766e-01
5,2,4,2.2365491614e+02,2.2380842144e+02,2.2341080809e+02,2.2404978012e+02,6.0524498766e-01,8.7272094885e-01
4,2,5,2.2341080809e+02,2.2404978012e+02,2.2365468913e+02,2.2380800313e+02,8.7272094885e-01,6.0534167997e-01
5,0,1,2.2365468913e+02,2.2380800313e+02,2.2325788907e+02,2.2396171645e+02,6.0534167997e-01,1.8351252178e+00
1,1,3,2.2325788907e+02,2.2396171645e+02,2.2387953479e+02,2.2390656022e+02,1.8351252178e+00,1.0944919949e+00
3,2,2,2.2387953479e+02,2.2390656022e+02,2.2356231394e+02,2.2403825340e+02,1.0944919949e+00,1.3618904287e+00
2,1,0,2.2356231394e+02,2.2403825340e+02,2.2305894979e+02,2.2430800599e+02,1.3618904287e+00,2.0994943343e+00
0,1,2,2.2305894979e+02,2.2430800599e+02,2.2356249572e+02,2.2403688360e+02,2.0994943343e+00,1.3618324153e+00
2,1,0,2.2356249572e+02,2.2403688360e+02,2.2305914722e+02,2.2430666539e+02,1.3618324153e+00,2.0994363210e+00
0,1,2,2.2305914722e+02,2.2430666539e+02,2.2356267741e+02,2.2403551379e+02,2.0994363210e+00,1.3617744020e+00
2,0,6,2.2356267741e+02,2.2403551379e+02,2.2385807512e+02,2.2372867450e+02,1.3617744020e+00,1.3203657120e-01
6,2,7,2.2385807512e+02,2.2372867450e+02,2.2412225507e+02,2.2349702537e+02,1.3203657120e-01,-1.4784545175e-01
7,2,6,2.2412225507e+02,2.2349702537e+02,2.2385815448e+02,2.2372802903e+02,-1.4784545175e-01,1.3198557737e-01
6,0,2,2.2385815448e+02,2.2372802903e+02,2.2356285886e+02,2.2403540622e+02,1.3198557737e-01,1.3618272182e+00
2,1,0,2.2356285886e+02,2.2403540622e+02,2.2305951176e+02,2.2430519063e+02,1.3618272182e+00,2.0994311238e+00
0,1,2,2.2305951176e+02,2.2430519063e+02,2.2356304054e+02,2.2403403641e+02,2.0994311238e+00,1.3617692048e+00
2,0,6,2.2356304054e+02,2.2403403641e+02,2.2385843665e+02,2.2372719559e+02,1.3617692048e+00,1.3203137403e-01
6,0,2,2.2385843665e+02,2.2372719559e+02,2.2356312695e+02,2.2403455926e+02,1.3203137403e-01,1.3618730148e+00
2,0,6,2.2356312695e+02,2.2403455926e+02,2.2385855491e+02,2.2372774910e+02,1.3618730148e+00,1.3213518403e-01
6,2,7,2.2385855491e+02,2.2372774910e+02,2.2412275772e+02,2.2349612603e+02,1.3213518403e-01,-1.4774683892e-01
7,1,5,2.2412275772e+02,2.2349612603e+02,2.2368434630e+02,2.2386289919e+02,-1.4774683892e-01,5.8983278928e-01
5,2,4,2.2368434630e+02,2.2386289919e+02,2.2344398696e+02,2.2410799130e+02,5.8983278928e-01,8.5730875047e-01
4,1,6,2.2344398696e+02,2.2410799130e+02,2.2372600206e+02,2.2355114137e+02,8.5730875047e-01,1.1646634697e-01
6,2,7,2.2372600206e+02,2.2355114137e+02,2.2398654331e+02,2.2331540714e+02,1.1646634697e-01,-1.6341567598e-01
7,0,3,2.2398654331e+02,2.2331540714e+02,2.2366024713e+02,2.2356164144e+02,-1.6341567598e-01,1.0454126660e+00
3,2,2,2.2366024713e+02,2.2356164144e+02,2.2334986909e+02,2.2370873878e+02,1.0454126660e+00,1.3128110998e+00
2,0,6,2.2334986909e+02,2.2370873878e+02,2.2362989491e+02,2.2338780936e+02,1.3128110998e+00,8.3073268970e-02
6,1,4,2.2362989491e+02,2.2338780936e+02,2.2336604702e+02,2.2395391673e+02,8.3073268970e-02,8.2385990152e-01
4,1,6,2.2336604702e+02,2.2395391673e+02,2.2362928185e+02,2.2338794696e+02,8.2385990152e-01,8.3017498020e-02
6,1,4,2.2362928185e+02,2.2338794696e+02,2.2336546554e+02,2.2395406905e+02,8.3017498020e-02,8.2380413057e-01
4,0,0,2.2336546554e+02,2.2395406905e+02,2.2303468152e+02,2.2419362486e+02,8.2380413057e-01,2.0326053893e+00
0,0,4,2.2303468152e+02,2.2419362486e+02,2.2336615733e+02,2.2395378700e+02,2.0326053893e+00,8.2384365087e-01
4,0,0,2.2336615733e+02,2.2395378700e+02,2.2303536385e+02,2.2419332974e+02,8.2384365087e-01,2.0326449096e+00
0,0,4,2.2303536385e+02,2.2419332974e+02,2.2336684914e+02,2.2395350498e+02,2.0326449096e+00,8.2388317117e-01
4,0,0,2.2336684914e+02,2.2395350498e+02,2.2303604618e+02,2.2419303465e+02,8.2388317117e-01,2.0326844299e+00
0,0,4,2.2303604618e+02,2.2419303465e+02,2.2336754095e+02,2.2395322299e+02,2.0326844299e+00,8.2392269147e-01
4,1,6,2.2336754095e+02,2.2395322299e+02,2.2363081132e+02,2.2338726975e+02,8.2392269147e-01,8.3080287970e-02
6,0,2,2.2363081132e+02,2.2338726975e+02,2.2335089514e+02,2.2370871520e+02,8.3080287970e-02,1.3129219288e+00
2,2,3,2.2335089514e+02,2.2370871520e+02,2.2366094310e+02,2.2356134468e+02,1.3129219288e+00,1.0455177237e+00
3,2,2,2.2366094310e+02,2.2356134468e+02,2.2335054961e+02,2.2370840940e+02,1.0455177237e+00,1.3129161574e+00
2,1,0,2.2335054961e+02,2.2370840940e+02,2.2286099465e+02,2.2400248059e+02,1.3129161574e+00,2.0505200630e+00
0,1,2,2.2286099465e+02,2.2400248059e+02,2.2335066410e+02,2.2370703234e+02,2.0505200630e+00,1.3128581441e+00
2,1,0,2.2335066410e+02,2.2370703234e+02,2.2286112621e+02,2.2400113194e+02,1.3128581441e+00,2.0504620497e+00
0,2,1,2.2286112621e+02,2.2400113194e+02,2.2316550096e+02,2.2382636819e+02,2.0504620497e+00,1.7706070001e+00
1,1,3,2.2316550096e+02,2.2382636819e+02,2.2378229718e+02,2.2373124707e+02,1.7706070001e+00,1.0299737773e+00
3,1,1,2.2378229718e+02,2.2373124707e+02,2.2316550152e+02,2.2382601048e+02,1.0299737773e+00,1.7706935056e+00
1,0,5,2.2316550152e+02,2.2382601048e+02,2.2355234140e+02,2.2364689726e+02,1.7706935056e+00,5.4080714628e-01
5,1,7,2.2355234140e+02,2.2364689726e+02,2.2397142420e+02,2.2325912891e+02,5.4080714628e-01,-1.9692553572e-01
7,2,6,2.2397142420e+02,2.2325912891e+02,2.2371897476e+02,2.2350281127e+02,-1.9692553572e-01,8.2905493400e-02
6,1,4,2.2371897476e+02,2.2350281127e+02,2.2345522185e+02,2.2406896290e+02,8.2905493400e-02,8.2369212595e-01
4,1,6,2.2345522185e+02,2.2406896290e+02,2.2371836173e+02,2.2350294898e+02,8.2369212595e-01,8.2849722450e-02
6,0,2,2.2371836173e+02,2.2350294898e+02,2.2343851967e+02,2.2382445895e+02,8.2849722450e-02,1.3126913632e+00
2,0,6,2.2343851967e+02,2.2382445895e+02,2.2371850706e+02,2.2350349601e+02,1.3126913632e+00,8.2953532450e-02
6,1,4,2.2371850706e+02,2.2350349601e+02,2.2345472696e+02,2.2406963497e+02,8.2953532450e-02,8.2374016500e-01
4,1,6,2.2345472696e+02,2.2406963497e+02,2.2371789402e+02,2.2350363368e+02,8.2374016500e-01,8.2897761500e-02
6,2,7,2.2371789402e+02,2.2350363368e+02,2.2397037672e+02,2.2325928790e+02,8.2897761500e-02,-1.9698426145e-01
7,1,5,2.2397037672e+02,2.2325928790e+02,2.2355054829e+02,2.2364719410e+02,-1.9698426145e-01,5.4059536675e-01
5,2,4,2.2355054829e+02,2.2364719410e+02,2.2332254307e+02,2.2390381906e+02,5.4059536675e-01,8.0807132794e-01
4,2,5,2.2332254307e+02,2.2390381906e+02,2.2355029473e+02,2.2364679133e+02,8.0807132794e-01,5.4069205906e-01
5,1,7,2.2355029473e+02,2.2364679133e+02,2.2396933290e+02,2.2325897475e+02,5.4069205906e-01,-1.9704062294e-01
7,2,6,2.2396933290e+02,2.2325897475e+02,2.2371691150e+02,2.2350268616e+02,-1.9704062294e-01,8.2790406180e-02
6,2,7,2.2371691150e+02,2.2350268616e+02,2.2396936796e+02,2.2325831328e+02,8.2790406180e-02,-1.9709161677e-01
7,0,3,2.2396936796e+02,2.2325831328e+02,2.2365154739e+02,2.2351539423e+02,-1.9709161677e-01,1.0117367252e+00
3,1,1,2.2365154739e+02,2.2351539423e+02,2.2303658240e+02,2.2362138979e+02,1.0117367252e+00,1.7524564535e+00
1,1,3,2.2303658240e+02,2.2362138979e+02,2.2365155063e+02,2.2351508976e+02,1.7524564535e+00,1.0118232307e+00
3,1,1,2.2365155063e+02,2.2351508976e+02,2.2303657647e+02,2.2362103213e+02,1.0118232307e+00,1.7525429589e+00
1,2,0,2.2303657647e+02,2.2362103213e+02,2.2273463144e+02,2.2380123627e+02,1.7525429589e+00,2.0325491307e+00
0,1,2,2.2273463144e+02,2.2380123627e+02,2.2321891263e+02,2.2349703638e+02,2.0325491307e+00,1.2948872117e+00
2,1,0,2.2321891263e+02,2.2349703638e+02,2.2273473874e+02,2.2379988547e+02,1.2948872117e+00,2.0324911173e+00
0,1,2,2.2273473874e+02,2.2379988547e+02,2.2321900229e+02,2.2349565749e+02,2.0324911173e+00,1.2948291983e+00
2,2,3,2.2321900229e+02,2.2349565749e+02,2.2352633332e+02,2.2334270178e+02,1.2948291983e+00,1.0274249932e+00
3,0,7,2.2352633332e+02,2.2334270178e+02,2.2384798345e+02,2.2309089397e+02,1.0274249932e+00,-1.8131532757e-01
7,1,5,2.2384798345e+02,2.2309089397e+02,2.2342212873e+02,2.2347217456e+02,-1.8131532757e-01,5.5626430063e-01
5,0,1,2.2342212873e+02,2.2347217456e+02,2.2303334726e+02,2.2364516888e+02,5.5626430063e-01,1.7860478384e+00
1,1,3,2.2303334726e+02,2.2364516888e+02,2.2365153865e+02,2.2355958257e+02,1.7860478384e+00,1.0454146156e+00
3,1,1,2.2365153865e+02,2.2355958257e+02,2.2303335334e+02,2.2364481122e+02,1.0454146156e+00,1.7861343439e+00
1,2,0,2.2303335334e+02,2.2364481122e+02,2.2272552648e+02,2.2381477286e+02,1.7861343439e+00,2.0661405156e+00
0,0,4,2.2272552648e+02,2.2381477286e+02,2.2306485740e+02,2.2358618385e+02,2.0661405156e+00,8.5737877719e-01
4,2,5,2.2306485740e+02,2.2358618385e+02,2.2330500050e+02,2.2334069381e+02,8.5737877719e-01,5.8999950831e-01
5,0,1,2.2330500050e+02,2.2334069381e+02,2.2291060535e+02,2.2350047657e+02,5.8999950831e-01,1.8197830461e+00
1,2,0,2.2291060535e+02,2.2350047657e+02,2.2259723483e+02,2.2365998598e+02,1.8197830461e+00,2.0997892178e+00
0,0,4,2.2259723483e+02,2.2365998598e+02,2.2294406394e+02,2.2344294226e+02,2.0997892178e+00,8.9102747944e-01
4,2,5,2.2294406394e+02,2.2344294226e+02,2.2319232996e+02,2.2320567015e+02,8.9102747944e-01,6.2364821056e-01
5,0,1,2.2319232996e+02,2.2320567015e+02,2.2279278259e+02,2.2335209409e+02,6.2364821056e-01,1.8534317484e+00
1,0,5,2.2279278259e+02,2.2335209409e+02,2.2319310176e+02,2.2320556354e+02,1.8534317484e+00,6.2354538906e-01
5,0,1,2.2319310176e+02,2.2320556354e+02,2.2279356944e+02,2.2335202856e+02,6.2354538906e-01,1.8533289269e+00
1,0,5,2.2279356944e+02,2.2335202856e+02,2.2319387355e+02,2.2320545685e+02,1.8533289269e+00,6.2344256756e-01
5,1,7,2.2319387355e+02,2.2320545685e+02,2.2364353323e+02,2.2285360339e+02,6.2344256756e-01,-1.1429011444e-01
7,2,6,2.2364353323e+02,2.2285360339e+02,2.2337183135e+02,2.2307561668e+02,-1.1429011444e-01,1.6554091468e-01
6,0,2,2.2337183135e+02,2.2307561668e+02,2.2306638975e+02,2.2337291396e+02,1.6554091468e-01,1.3953825555e+00
2,0,6,2.2306638975e+02,2.2337291396e+02,2.2337193100e+02,2.2307617385e+02,1.3953825555e+00,1.6564472468e-01
6,1,4,2.2337193100e+02,2.2307617385e+02,2.2306229086e+02,2.2361859089e+02,1.6564472468e-01,9.0643135723e-01
4,2,5,2.2306229086e+02,2.2361859089e+02,2.2331418220e+02,2.2338517104e+02,9.0643135723e-01,6.3905208835e-01
5,1,7,2.2331418220e+02,2.2338517104e+02,2.2376927914e+02,2.2304037913e+02,6.3905208835e-01,-9.8680593650e-02
7,0,3,2.2376927914e+02,2.2304037913e+02,2.2342773755e+02,2.2326498961e+02,-9.8680593650e-02,1.1101477483e+00
3,0,7,2.2342773755e+02,2.2326498961e+02,2.2376909426e+02,2.2304062033e+02,1.1101477483e+00,-9.8592572450e-02
7,0,3,2.2376909426e+02,2.2304062033e+02,2.2342753290e+02,2.2326520075e+02,-9.8592572450e-02,1.1102357695e+00
3,0,7,2.2342753290e+02,2.2326520075e+02,2.2376890935e+02,2.2304086151e+02,1.1102357695e+00,-9.8504551250e-02
7,0,3,2.2376890935e+02,2.2304086151e+02,2.2342732822e+02,2.2326541187e+02,-9.8504551250e-02,1.1103237907e+00
3,1,1,2.2342732822e+02,2.2326541187e+02,2.2280491649e+02,2.2331036331e+02,1.1103237907e+00,1.8510435190e+00
1,0,5,2.2280491649e+02,2.2331036331e+02,2.2320488457e+02,2.2316287713e+02,1.8510435190e+00,6.2115715972e-01
5,2,4,2.2320488457e+02,2.2316287713e+02,2.2295696704e+02,2.2340032112e+02,6.2115715972e-01,8.8863312091e-01
4,2,5,2.2295696704e+02,2.2340032112e+02,2.2320466424e+02,2.2316245526e+02,8.8863312091e-01,6.2125385203e-01
5,2,4,2.2320466424e+02,2.2316245526e+02,2.2295672375e+02,2.2339987528e+02,6.2125385203e-01,8.8872981322e-01
4,0,0,2.2295672375e+02,2.2339987528e+02,2.2261109427e+02,2.2361746507e+02,8.8872981322e-01,2.0975310719e+00
0,0,4,2.2261109427e+02,2.2361746507e+02,2.2295743238e+02,2.2339963871e+02,2.0975310719e+00,8.8876933352e-01
4,2,5,2.2295743238e+02,2.2339963871e+02,2.2320516198e+02,2.2316180659e+02,8.8876933352e-01,6.2139006464e-01
5,0,1,2.2320516198e+02,2.2316180659e+02,2.2280594628e+02,2.2330913239e+02,6.2139006464e-01,1.8511736024e+00
1,2,0,2.2280594628e+02,2.2330913239e+02,2.2248772387e+02,2.2345872796e+02,1.8511736024e+00,2.1311797742e+00
0,2,1,2.2248772387e+02,2.2345872796e+02,2.2280519882e+02,2.2330907499e+02,2.1311797742e+00,1.8513247246e+00
1,0,5,2.2280519882e+02,2.2330907499e+02,2.2320520836e+02,2.2316170129e+02,1.8513247246e+00,6.2143836531e-01
5,1,7,2.2320520836e+02,2.2316170129e+02,2.2365416195e+02,2.2280894733e+02,6.2143836531e-01,-1.1629431669e-01
7,1,5,2.2365416195e+02,2.2280894733e+02,2.2320443334e+02,2.2316175222e+02,-1.1629431669e-01,6.2128531151e-01
5,1,7,2.2320443334e+02,2.2316175222e+02,2.2365333293e+02,2.2280892955e+02,6.2128531151e-01,-1.1644737049e-01
7,0,3,2.2365333293e+02,2.2280892955e+02,2.2331583564e+02,2.2303957236e+02,-1.1644737049e-01,1.0923809715e+00
3,0,7,2.2331583564e+02,2.2303957236e+02,2.2365315236e+02,2.2280917400e+02,1.0923809715e+00,-1.1635934929e-01
7,1,5,2.2365315236e+02,2.2280917400e+02,2.2320344669e+02,2.2316200814e+02,-1.1635934929e-01,6.2122027891e-01
5,0,1,2.2320344669e+02,2.2316200814e+02,2.2280425600e+02,2.2330940171e+02,6.2122027891e-01,1.8510038167e+00
1,0,5,2.2280425600e+02,2.2330940171e+02,2.2320421823e+02,2.2316189965e+02,1.8510038167e+00,6.2111745741e-01
5,1,7,2.2320421823e+02,2.2316189965e+02,2.2365305860e+02,2.2280900163e+02,6.2111745741e-01,-1.1661522459e-01
7,2,6,2.2365305860e+02,2.2280900163e+02,2.2338187366e+02,2.2303164606e+02,-1.1661522459e-01,1.6321580453e-01
6,2,7,2.2338187366e+02,2.2303164606e+02,2.2365314669e+02,2.2280834512e+02,1.6321580453e-01,-1.1666621842e-01
7,0,3,2.2365314669e+02,2.2280834512e+02,2.2331569988e+02,2.2303906178e+02,-1.1666621842e-01,1.0921621236e+00
3,2,2,2.2331569988e+02,2.2303906178e+02,2.2299878672e+02,2.2317149368e+02,1.0921621236e+00,1.3595605573e+00
2,1,0,2.2299878672e+02,2.2317149368e+02,2.2249605243e+02,2.2344241831e+02,1.3595605573e+00,2.0971644630e+00
0,1,2,2.2249605243e+02,2.2344241831e+02,2.2299896531e+02,2.2317012346e+02,2.0971644630e+00,1.3595025440e+00
2,2,3,2.2299896531e+02,2.2317012346e+02,2.2331553910e+02,2.2303734980e+02,1.3595025440e+00,1.0920983389e+00
3,1,1,2.2331553910e+02,2.2303734980e+02,2.2269404995e+02,2.2309363688e+02,1.0920983389e+00,1.8328180671e+00
1,2,0,2.2269404995e+02,2.2309363688e+02,2.2237862690e+02,2.2324904807e+02,1.8328180671e+00,2.1128242389e+00
0,2,1,2.2237862690e+02,2.2324904807e+02,2.2269330157e+02,2.2309359322e+02,2.1128242389e+00,1.8329691893e+00
1,1,3,2.2269330157e+02,2.2309359322e+02,2.2331482692e+02,2.2303709683e+02,1.8329691893e+00,1.0923359665e+00
3,2,2,2.2331482692e+02,2.2303709683e+02,2.2299789075e+02,2.2316947364e+02,1.0923359665e+00,1.3597344002e+00
2,0,6,2.2299789075e+02,2.2316947364e+02,2.2329266189e+02,2.2286203238e+02,1.3597344002e+00,1.2999656943e-01
6,0,2,2.2329266189e+02,2.2286203238e+02,2.2299797822e+02,2.2316999631e+02,1.2999656943e-01,1.3598382102e+00
2,2,3,2.2299797822e+02,2.2316999631e+02,2.2331459657e+02,2.2303732891e+02,1.3598382102e+00,1.0924340051e+00
3,1,1,2.2331459657e+02,2.2303732891e+02,2.2269308856e+02,2.2309340738e+02,1.0924340051e+00,1.8331537334e+00
1,1,3,2.2269308856e+02,2.2309340738e+02,2.2331462433e+02,2.2303702569e+02,1.8331537334e+00,1.0925205105e+00
3,2,2,2.2331462433e+02,2.2303702569e+02,2.2299766373e+02,2.2316934401e+02,1.0925205105e+00,1.3599189443e+00
2,2,3,2.2299766373e+02,2.2316934401e+02,2.2331429278e+02,2.2303670217e+02,1.3599189443e+00,1.0925147392e+00
3,1,1,2.2331429278e+02,2.2303670217e+02,2.2269278025e+02,2.2309273046e+02,1.0925147392e+00,1.8332344675e+00
1,0,5,2.2269278025e+02,2.2309273046e+02,2.2309005846e+02,2.2293814499e+02,1.8332344675e+00,6.0334810816e-01
5,2,4,2.2309005846e+02,2.2293814499e+02,2.2284640867e+02,2.2317996628e+02,6.0334810816e-01,8.7082406935e-01
4,0,0,2.2284640867e+02,2.2317996628e+02,2.2250473050e+02,2.2340370961e+02,8.7082406935e-01,2.0796253280e+00
0,2,1,2.2250473050e+02,2.2340370961e+02,2.2281407178e+02,2.2323789549e+02,2.0796253280e+00,1.7997702785e+00
1,0,5,2.2281407178e+02,2.2323789549e+02,2.2320595545e+02,2.2307010445e+02,1.7997702785e+00,5.6988391919e-01
5,2,4,2.2320595545e+02,2.2307010445e+02,2.2297053291e+02,2.2331994237e+02,5.6988391919e-01,8.3735988038e-01
4,1,6,2.2297053291e+02,2.2331994237e+02,2.2324138411e+02,2.2275757773e+02,8.3735988038e-01,9.6517476880e-02
6,2,7,2.2324138411e+02,2.2275757773e+02,2.2349717120e+02,2.2251669325e+02,9.6517476880e-02,-1.8336454607e-01
7,1,5,2.2349717120e+02,2.2251669325e+02,2.2307209871e+02,2.2289884570e+02,-1.8336454607e-01,5.5421508213e-01
5,0,1,2.2307209871e+02,2.2289884570e+02,2.2268367255e+02,2.2307263636e+02,5.5421508213e-01,1.7839986199e+00
1,1,3,2.2268367255e+02,2.2307263636e+02,2.2330168726e+02,2.2298578342e+02,1.7839986199e+00,1.0433653971e+00
3,1,1,2.2330168726e+02,2.2298578342e+02,2.2268367790e+02,2.2307227869e+02,1.0433653971e+00,1.7840851254e+00
1,2,0,2.2268367790e+02,2.2307227869e+02,2.2237619998e+02,2.2324287078e+02,1.7840851254e+00,2.0640912971e+00
0,2,1,2.2237619998e+02,2.2324287078e+02,2.2268292828e+02,2.2307227153e+02,2.0640912971e+00,1.7842362475e+00
1,0,5,2.2268292828e+02,2.2307227153e+02,2.2307215830e+02,2.2289841345e+02,1.7842362475e+00,5.5434988823e-01
5,1,7,2.2307215830e+02,2.2289841345e+02,2.2349645396e+02,2.2251635602e+02,5.5434988823e-01,-1.8338279377e-01
7,0,3,2.2349645396e+02,2.2251635602e+02,2.2317513908e+02,2.2276905600e+02,-1.8338279377e-01,1.0254455482e+00
3,0,7,2.2317513908e+02,2.2276905600e+02,2.2349629014e+02,2.2251661199e+02,1.0254455482e+00,-1.8329477257e-01
7,0,3,2.2349629014e+02,2.2251661199e+02,2.2317495303e+02,2.2276928369e+02,-1.8329477257e-01,1.0255335694e+00
3,2,2,2.2317495303e+02,2.2276928369e+02,2.2286756028e+02,2.2292252159e+02,1.0255335694e+00,1.2929320032e+00
2,0,6,2.2286756028e+02,2.2292252159e+02,2.2314115140e+02,2.2259608929e+02,1.2929320032e+00,6.3194172380e-02
6,1,4,2.2314115140e+02,2.2259608929e+02,2.2288860861e+02,2.2316732952e+02,6.3194172380e-02,8.0398080493e-01
4,0,0,2.2288860861e+02,2.2316732952e+02,2.2256263806e+02,2.2341339507e+02,8.0398080493e-01,2.0127820636e+00
0,2,1,2.2256263806e+02,2.2341339507e+02,2.2286021323e+02,2.2322728925e+02,2.0127820636e+00,1.7329270141e+00
1,1,3,2.2286021323e+02,2.2322728925e+02,2.2347298833e+02,2.2310900027e+02,1.7329270141e+00,9.9229379123e-01
3,0,7,2.2347298833e+02,2.2310900027e+02,2.2378559550e+02,2.2284605021e+02,9.9229379123e-01,-2.1644652957e-01
7,1,5,2.2378559550e+02,2.2284605021e+02,2.2337339564e+02,2.2324205324e+02,-2.1644652957e-01,5.2113309863e-01
5,2,4,2.2337339564e+02,2.2324205324e+02,2.2315042779e+02,2.2350306682e+02,5.2113309863e-01,7.8860905982e-01
4,0,0,2.2315042779e+02,2.2350306682e+02,2.2282827806e+02,2.2375411384e+02,7.8860905982e-01,1.9974103185e+00
0,0,4,2.2282827806e+02,2.2375411384e+02,2.2315110923e+02,2.2350276061e+02,1.9974103185e+00,7.8864858012e-01
4,0,0,2.2315110923e+02,2.2350276061e+02,2.2282894958e+02,2.2375379490e+02,7.8864858012e-01,1.9974498388e+00
0,2,1,2.2282894958e+02,2.2375379490e+02,2.2312363647e+02,2.2356314864e+02,1.9974498388e+00,1.7175947893e+00
1,1,3,2.2312363647e+02,2.2356314864e+02,2.2373452598e+02,2.2343547873e+02,1.7175947893e+00,9.7696156642e-01
3,0,7,2.2373452598e+02,2.2343547873e+02,2.2404306496e+02,2.2316776679e+02,9.7696156642e-01,-2.3177875438e-01
7,0,3,2.2404306496e+02,2.2316776679e+02,2.2373435118e+02,2.2343571517e+02,-2.3177875438e-01,9.7704958762e-01
3,0,7,2.2373435118e+02,2.2343571517e+02,2.2404291372e+02,2.2316803039e+02,9.7704958762e-01,-2.3169073318e-01
7,0,3,2.2404291372e+02,2.2316803039e+02,2.2373417636e+02,2.2343595160e+02,-2.3169073318e-01,9.7713760882e-01
3,1,1,2.2373417636e+02,2.2343595160e+02,2.2312324604e+02,2.2356315672e+02,9.7713760882e-01,1.7178573371e+00
1,2,0,2.2312324604e+02,2.2356315672e+02,2.2282773187e+02,2.2375372353e+02,1.7178573371e+00,1.9978635088e+00
0,2,1,2.2282773187e+02,2.2375372353e+02,2.2312249759e+02,2.2356319919e+02,1.9978635088e+00,1.7180084593e+00
1,1,3,2.2312249759e+02,2.2356319919e+02,2.2373343987e+02,2.2343578199e+02,1.7180084593e+00,9.7737523642e-01
3,0,7,2.2373343987e+02,2.2343578199e+02,2.2404208956e+02,2.2316819771e+02,9.7737523642e-01,-2.3136508438e-01
7,1,5,2.2404208956e+02,2.2316819771e+02,2.2363584315e+02,2.2357030588e+02,-2.3136508438e-01,5.0621454382e-01
5,1,7,2.2363584315e+02,2.2357030588e+02,2.2404126398e+02,2.2316827524e+02,5.0621454382e-01,-2.3151813818e-01
7,1,5,2.2404126398e+02,2.2316827524e+02,2.2363507912e+02,2.2357044557e+02,-2.3151813818e-01,5.0606149002e-01
5,1,7,2.2363507912e+02,2.2357044557e+02,2.2404043841e+02,2.2316835289e+02,5.0606149002e-01,-2.3167119198e-01
7,1,5,2.2404043841e+02,2.2316835289e+02,2.2363431511e+02,2.2357058539e+02,-2.3167119198e-01,5.0590843622e-01
5,1,7,2.2363431511e+02,2.2357058539e+02,2.2403961286e+02,2.2316843067e+02,5.0590843622e-01,-2.3182424578e-01
7,2,6,2.2403961286e+02,2.2316843067e+02,2.2379581961e+02,2.2342077302e+02,-2.3182424578e-01,4.8006783340e-02
6,2,7,2.2379581961e+02,2.2342077302e+02,2.2403962490e+02,2.2316776838e+02,4.8006783340e-02,-2.3187523961e-01
7,1,5,2.2403962490e+02,2.2316776838e+02,2.2363358368e+02,2.2357008374e+02,-2.3187523961e-01,5.0570438859e-01
5,1,7,2.2363358368e+02,2.2357008374e+02,2.2403879936e+02,2.2316784633e+02,5.0570438859e-01,-2.3202829341e-01
7,1,5,2.2403879936e+02,2.2316784633e+02,2.2363281972e+02,2.2357022383e+02,-2.3202829341e-01,5.0555133479e-01
5,2,4,2.2363281972e+02,2.2357022383e+02,2.2341394582e+02,2.2383467982e+02,5.0555133479e-01,7.7302729598e-01
4,0,0,2.2341394582e+02,2.2383467982e+02,2.2309574680e+02,2.2409071582e+02,7.7302729598e-01,1.9818285547e+00
0,0,4,2.2309574680e+02,2.2409071582e+02,2.2341462240e+02,2.2383436302e+02,1.9818285547e+00,7.7306681628e-01
4,0,0,2.2341462240e+02,2.2383436302e+02,2.2309641326e+02,2.2409038645e+02,7.7306681628e-01,1.9818680750e+00
0,1,2,2.2309641326e+02,2.2409038645e+02,2.2356466206e+02,2.2376204378e+02,1.9818680750e+00,1.2442061560e+00
2,0,6,2.2356466206e+02,2.2376204378e+02,2.2382202907e+02,2.2342267323e+02,1.2442061560e+00,1.4468325200e-02
6,1,4,2.2382202907e+02,2.2342267323e+02,2.2359760917e+02,2.2400553597e+02,1.4468325200e-02,7.5525495775e-01
4,0,0,2.2359760917e+02,2.2400553597e+02,2.2328401052e+02,2.2426718638e+02,7.5525495775e-01,1.9640562164e+00
0,2,1,2.2328401052e+02,2.2426718638e+02,2.2357216792e+02,2.2406680758e+02,1.9640562164e+00,1.6842011669e+00
1,2,0,2.2357216792e+02,2.2406680758e+02,2.2328323364e+02,2.2426721046e+02,1.6842011669e+00,1.9642073386e+00
0,1,2,2.2328323364e+02,2.2426721046e+02,2.2374561095e+02,2.2393064981e+02,1.9642073386e+00,1.2265454196e+00
2,0,6,2.2374561095e+02,2.2393064981e+02,2.2399694460e+02,2.2358678713e+02,1.2265454196e+00,-3.1924111600e-03
6,0,2,2.2399694460e+02,2.2358678713e+02,2.2374576705e+02,2.2393115624e+02,-3.1924111600e-03,1.2266492296e+00
2,0,6,2.2374576705e+02,2.2393115624e+02,2.2399713640e+02,2.2358731964e+02,1.2266492296e+00,-3.0886011600e-03
6,0,2,2.2399713640e+02,2.2358731964e+02,2.2374592311e+02,2.2393166268e+02,-3.0886011600e-03,1.2267530396e+00
2,0,6,2.2374592311e+02,2.2393166268e+02,2.2399732815e+02,2.2358785218e+02,1.2267530396e+00,-2.9847911600e-03
6,2,7,2.2399732815e+02,2.2358785218e+02,2.2422792103e+02,2.2332274976e+02,-2.9847911600e-03,-2.8286681411e-01
7,1,5,2.2422792103e+02,2.2332274976e+02,2.2384291338e+02,2.2374523791e+02,-2.8286681411e-01,4.5471281409e-01
5,0,1,2.2384291338e+02,2.2374523791e+02,2.2347367253e+02,2.2395675449e+02,4.5471281409e-01,1.6844963519e+00
1,2,0,2.2347367253e+02,2.2395675449e+02,2.2318467910e+02,2.2415707208e+02,1.6844963519e+00,1.9645025236e+00
0,0,4,2.2318467910e+02,2.2415707208e+02,2.2349906549e+02,2.2389523318e+02,1.9645025236e+00,7.5574078522e-01
4,2,5,2.2349906549e+02,2.2389523318e+02,2.2371306111e+02,2.2362664437e+02,7.5574078522e-01,4.8836151634e-01
5,1,7,2.2371306111e+02,2.2362664437e+02,2.2411124025e+02,2.2321744020e+02,4.8836151634e-01,-2.4937116566e-01
7,0,3,2.2411124025e+02,2.2321744020e+02,2.2380728786e+02,2.2349077786e+02,-2.4937116566e-01,9.5945717634e-01
3,0,7,2.2380728786e+02,2.2349077786e+02,2.2411109367e+02,2.2321770642e+02,9.5945717634e-01,-2.4928314446e-01
7,2,6,2.2411109367e+02,2.2321770642e+02,2.2387174297e+02,2.2347426646e+02,-2.4928314446e-01,3.0547884660e-02
6,1,4,2.2387174297e+02,2.2347426646e+02,2.2363798031e+02,2.2405344543e+02,3.0547884660e-02,7.7133451721e-01
4,2,5,2.2363798031e+02,2.2405344543e+02,2.2385613804e+02,2.2378822613e+02,7.7133451721e-01,5.0395524833e-01
5,2,4,2.2385613804e+02,2.2378822613e+02,2.2363768651e+02,2.2405303113e+02,5.0395524833e-01,7.7143120952e-01
4,1,6,2.2363768651e+02,2.2405303113e+02,2.2387090018e+02,2.2347404430e+02,7.7143120952e-01,3.0588806020e-02
6,0,2,2.2387090018e+02,2.2347404430e+02,2.2360823495e+02,2.2380973347e+02,3.0588806020e-02,1.2604304468e+00
2,0,6,2.2360823495e+02,2.2380973347e+02,2.2387107389e+02,2.2347458299e+02,1.2604304468e+00,3.0692616020e-02
6,2,7,2.2387107389e+02,2.2347458299e+02,2.2411046229e+02,2.2321739520e+02,3.0692616020e-02,-2.4918940693e-01
7,1,5,2.2411046229e+02,2.2321739520e+02,2.2371144734e+02,2.2362668017e+02,-2.4918940693e-01,4.8839022127e-01
5,1,7,2.2371144734e+02,2.2362668017e+02,2.2410963822e+02,2.2321748742e+02,4.8839022127e-01,-2.4934246073e-01
7,0,3,2.2410963822e+02,2.2321748742e+02,2.2380567799e+02,2.2349081635e+02,-2.4934246073e-01,9.5948588127e-01
3,0,7,2.2380567799e+02,2.2349081635e+02,2.2410949164e+02,2.2321775364e+02,9.5948588127e-01,-2.4925443953e-01
7,2,6,2.2410949164e+02,2.2321775364e+02,2.2387013357e+02,2.2347430681e+02,-2.4925443953e-01,3.0576589590e-02
6,0,2,2.2387013357e+02,2.2347430681e+02,2.2360747244e+02,2.2380999919e+02,3.0576589590e-02,1.2604182304e+00
2,1,0,2.2360747244e+02,2.2380999919e+02,2.2313402298e+02,2.2412935406e+02,1.2604182304e+00,1.9980221360e+00
0,2,1,2.2313402298e+02,2.2412935406e+02,2.2342881892e+02,2.2393887648e+02,1.9980221360e+00,1.7181670865e+00
1,2,0,2.2342881892e+02,2.2393887648e+02,2.2313324573e+02,2.2412935174e+02,1.7181670865e+00,1.9981732582e+00
0,1,2,2.2313324573e+02,2.2412935174e+02,2.2360678574e+02,2.2380868726e+02,1.9981732582e+00,1.2605113392e+00
2,0,6,2.2360678574e+02,2.2380868726e+02,2.2386965179e+02,2.2347355805e+02,1.2605113392e+00,3.0773508420e-02
6,0,2,2.2386965179e+02,2.2347355805e+02,2.2360692456e+02,2.2380919870e+02,3.0773508420e-02,1.2606151492e+00
2,1,0,2.2360692456e+02,2.2380919870e+02,2.2313341222e+02,2.2412846033e+02,1.2606151492e+00,1.9982190549e+00
0,0,4,2.2313341222e+02,2.2412846033e+02,2.2345644655e+02,2.2387736826e+02,1.9982190549e+00,7.8945731646e-01
4,0,0,2.2345644655e+02,2.2387736826e+02,2.2313408399e+02,2.2412814193e+02,7.8945731646e-01,1.9982585752e+00
0,2,1,2.2313408399e+02,2.2412814193e+02,2.2342892496e+02,2.2393773406e+02,1.9982585752e+00,1.7184035256e+00
1,0,5,2.2342892496e+02,2.2393773406e+02,2.2380587455e+02,2.2373864702e+02,1.7184035256e+00,4.8851716630e-01
5,0,1,2.2380587455e+02,2.2373864702e+02,2.2342969583e+02,2.2393756320e+02,4.8851716630e-01,1.7183007041e+00
1,1,3,2.2342969583e+02,2.2393756320e+02,2.2404067532e+02,2.2381032455e+02,1.7183007041e+00,9.7766748126e-01
3,1,1,2.2404067532e+02,2.2381032455e+02,2.2342967769e+02,2.2393720595e+02,9.7766748126e-01,1.7183872095e+00
1,1,3,2.2342967769e+02,2.2393720595e+02,2.2404066818e+02,2.2381002015e+02,1.7183872095e+00,9.7775398669e-01
3,1,1,2.2404066818e+02,2.2381002015e+02,2.2342965958e+02,2.2393684869e+02,9.7775398669e-01,1.7184737150e+00
1,1,3,2.2342965958e+02,2.2393684869e+02,2.2404066107e+02,2.2380971575e+02,1.7184737150e+00,9.7784049212e-01
3,1,1,2.2404066107e+02,2.2380971575e+02,2.2342964150e+02,2.2393649143e+02,9.7784049212e-01,1.7185602204e+00
1,2,0,2.2342964150e+02,2.2393649143e+02,2.2313399345e+02,2.2412685048e+02,1.7185602204e+00,1.9985663921e+00
0,0,4,2.2313399345e+02,2.2412685048e+02,2.2345711498e+02,2.2387587063e+02,1.9985663921e+00,7.8980465372e-01
4,2,5,2.2345711498e+02,2.2387587063e+02,2.2368013386e+02,2.2361472574e+02,7.8980465372e-01,5.2242538484e-01
5,0,1,2.2368013386e+02,2.2361472574e+02,2.2329742778e+02,2.2380077447e+02,5.2242538484e-01,1.7522089226e+00
1,1,3,2.2329742778e+02,2.2380077447e+02,2.2391236967e+02,2.2369432222e+02,1.7522089226e+00,1.0115756998e+00
3,0,7,2.2391236967e+02,2.2369432222e+02,2.2422998859e+02,2.2343744832e+02,1.0115756998e+00,-1.9716462100e-01
7,2,6,2.2422998859e+02,2.2343744832e+02,2.2397759741e+02,2.2368119103e+02,-1.9716462100e-01,8.2666408120e-02
6,0,2,2.2397759741e+02,2.2368119103e+02,2.2369781430e+02,2.2400275230e+02,8.2666408120e-02,1.3125080489e+00
2,0,6,2.2369781430e+02,2.2400275230e+02,2.2397774284e+02,2.2368173803e+02,1.3125080489e+00,8.2770218120e-02
6,1,4,2.2397774284e+02,2.2368173803e+02,2.2371406653e+02,2.2424792534e+02,8.2770218120e-02,8.2355685067e-01
4,2,5,2.2371406653e+02,2.2424792534e+02,2.2394577093e+02,2.2399445513e+02,8.2355685067e-01,5.5617758179e-01
5,1,7,2.2394577093e+02,2.2399445513e+02,2.2437076416e+02,2.2361317382e+02,5.5617758179e-01,-1.8155510021e-01
7,1,5,2.2437076416e+02,2.2361317382e+02,2.2394500088e+02,2.2399455650e+02,-1.8155510021e-01,5.5602452799e-01
5,1,7,2.2394500088e+02,2.2399455650e+02,2.2436993574e+02,2.2361321014e+02,5.5602452799e-01,-1.8170815401e-01
7,0,3,2.2436993574e+02,2.2361321014e+02,2.2404819814e+02,2.2386537168e+02,-1.8170815401e-01,1.0271201880e+00
3,0,7,2.2404819814e+02,2.2386537168e+02,2.2436977150e+02,2.2361346584e+02,1.0271201880e+00,-1.8162013281e-01
7,2,6,2.2436977150e+02,2.2361346584e+02,2.2411362212e+02,2.2385325597e+02,-1.8162013281e-01,9.8210896310e-02
6,0,2,2.2411362212e+02,2.2385325597e+02,2.2382887449e+02,2.2417042948e+02,9.8210896310e-02,1.3280525371e+00
2,0,6,2.2382887449e+02,2.2417042948e+02,2.2411375903e+02,2.2385380517e+02,1.3280525371e+00,9.8314706310e-02
6,2,7,2.2411375903e+02,2.2385380517e+02,2.2436997863e+02,2.2361338079e+02,9.8314706310e-02,-1.8156731664e-01
7,1,5,2.2436997863e+02,2.2361338079e+02,2.2394422001e+02,2.2399476867e+02,-1.8156731664e-01,5.5601231156e-01
5,2,4,2.2394422001e+02,2.2399476867e+02,2.2371228566e+02,2.2424784813e+02,5.5601231156e-01,8.2348827275e-01
