00
-6.6998122384e-02
-1.2353964341e-01
-4.6203256016e-01
1.7244165776e+02
-1.2530715549e-01
1.1914352880e-01
01
-1.3725153040e-01
-2.2201544228e-01
-3.6256971610e-01
4.2085115198e+02
-9.6287451966e-02
4.6481505024e-01
02
-1.6255298073e-01
-2.4403725692e-01
-2.5187102007e-01
5.2058033169e+02
-7.1334781847e-02
5.2046058895e-01
03
-1.3771984248e-01
-1.9157959828e-01
-1.4246499169e-01
3.8406062149e+02
-4.6190463214e-02
3.8394438893e-01
04
-6.9229924703e-02
-8.2339043643e-02
-4.8152692451e-02
1.1920946786e+02
-2.1447243817e-02
1.5611721532e-01
10
-5.4035791148e-02
-1.3462469654e-01
-4.6297769264e-01
1.7208278166e+02
-1.0493181623e-01
1.0735998666e-01
11
-1.0400673111e-01
-2.4734746685e-01
-3.6444324815e-01
4.1708832811e+02
-4.4018134603e-02
4.3418843618e-01
12
-1.0999461196e-01
-2.7989680820e-01
-2.5401400792e-01
5.1047642779e+02
1.1083443980e-02
4.7030553791e-01
13
-7.5837627799e-02
-2.3016458546e-01
-1.4443299055e-01
3.6923439816e+02
5.5107581265e-02
3.2060921611e-01
14
6.4919645051e-02
8.5652747073e-02
4.8142943668e-02
1.1901634514e+02
2.8698759394e-02
-1.5476459165e-01
20
-4.2671165207e-02
-1.3675242808e-01
-4.6329643597e-01
1.7068733043e+02
-7.5437020756e-02
9.1235011333e-02
21
-7.8840569191e-02
-2.5147650973e-01
-3.6470809701e-01
4.1069202665e+02
2.9060887227e-02
3.9175444700e-01
22
-7.8148429913e-02
-2.8372036748e-01
-2.5414783855e-01
4.9748326027e+02
1.2643699152e-01
4.0414668028e-01
23
1.0867725686e-01
2.0922490160e-01
1.4243093795e-01
3.8365298222e+02
9.9868784958e-02
-3.7323740186e-01
24
-2.9265124135e-02
-1.0189249113e-01
-4.9126320488e-02
1.1569501807e+02
5.0691932690e-02
1.1237025896e-01
30
-2.6053801631e-02
-1.4192597677e-01
-4.6271450215e-01
1.6981921669e+02
-5.3695642302e-02
7.8443142206e-02
31
-3.8601931867e-02
-2.6375670288e-01
-3.6323081446e-01
4.0552537010e+02
8.2808710081e-02
3.6091315399e-01
32
-1.9104405712e-02
-3.0339255071e-01
-2.5210360760e-01
4.8896491433e+02
2.1059900080e-01
3.5804610389e-01
33
4.1657853262e-02
2.3847270884e-01
1.4444784438e-01
3.6913809223e+02
-8.6832273084e-03
-3.2551385006e-01
34
2.4075515045e-02
1.0325216634e-01
4.9115677359e-02
1.1578324095e+02
-4.5236091295e-02
-1.1460630833e-01
40
-4.4122661566e-02
-1.3089964564e-01
-4.6273383104e-01
1.6939687583e+02
-4.3959069294e-02
7.4686588220e-02
41
-8.8612957442e-02
-2.3803886092e-01
-3.6323586816e-01
4.0369851846e+02
1.0771670142e-01
3.5108880101e-01
42
9.6213357028e-02
2.7642085716e-01
2.5191281630e-01
5.2037929239e+02
1.9833308128e-01
-4.8697564865e-01
43
-8.1281376342e-02
-2.1345900296e-01
-1.4228291257e-01
3.6867245592e+02
8.7369269181e-02
2.9297828898e-01
44
-4.1003931692e-02
-9.6276410132e-02
-4.7903808827e-02
1.1678621449e+02
8.6974053763e-03
1.2608814152e-01
50
-2.8101748558e-02
-1.3756887226e-01
-4.6301404655e-01
1.6959866754e+02
-2.0322223047e-02
6.6258936191e-02
51
-5.0157058303e-02
-2.5475029462e-01
-3.6408190543e-01
4.0495889382e+02
1.6727007896e-01
3.3125434764e-01
52
3.5860440429e-02
2.9843228207e-01
2.5404260781e-01
5.1080490732e+02
1.0714495650e-01
-4.5832229754e-01
53
-1.1093358706e-02
-2.3806627273e-01
-1.4223077469e-01
3.6937323400e+02
2.0377001203e-01
2.5198543024e-01
54
3.6168164654e-02
9.8261275038e-02
4.7891660643e-02
1.1684012503e+02
-2.8038719253e-03
-1.2614219613e-01
60
-1.7834706485e-02
-1.3884837590e-01
-4.6247783416e-01
1.6881824117e+02
1.1739550000e-02
5.5772347855e-02
61
-2.9000270636e-02
-2.6175357254e-01
-3.6306364689e-01
4.0479435296e+02
2.4680700715e-01
3.0606550425e-01
62
4.2361494665e-03
2.9381438656e-01
2.5423776987e-01
4.9720222877e+02
-2.0934981670e-02
-4.2403810595e-01
63
5.0006487284e-02
2.2288289669e-01
1.4227394105e-01
3.6879397106e+02
-4.5113580491e-02
-3.0228710355e-01
64
1.7129173732e-03
-1.0920108270e-01
-4.7925030380e-02
1.1707902700e+02
9.2124020202e-02
1.0136565854e-01
70
-1.2881104643e-03
-1.3844930351e-01
-4.6132249685e-01
1.6798078118e+02
3.3987715641e-02
4.8208566641e-02
71
1.1544996711e-02
-2.6365992443e-01
-3.6066039730e-01
4.0321674855e+02
3.0256471711e-01
2.8937524263e-01
72
-5.7079317556e-02
2.9816687484e-01
2.5210884584e-01
4.8861995598e+02
-1.1453676545e-01
-3.9969887693e-01
73
-2.2725915289e-02
2.3707703617e-01
1.4221045037e-01
3.6892897882e+02
-1.6592957606e-01
-2.7833551413e-01
74
-7.0184095673e-03
1.0883750404e-01
4.7884236366e-02
1.1687364025e+02
-8.7176890417e-02
-1.0552431474e-01
80
-6.0178134047e-02
-1.2464319865e-01
-4.6134142323e-01
1.6787964442e+02
-8.6478073973e-03
5.8340168703e-02
81
4.9352340185e-02
2.5590586505e-01
3.6250099074e-01
4.2095713436e+02
2.5471016382e-01
-4.0032060490e-01
82
-1.2624011081e-01
-2.6176233207e-01
-2.4991696934e-01
4.9695215382e+02
1.7622331267e-02
4.1739097072e-01
83
-9.3258943630e-02
-2.1534942595e-01
-1.4066264373e-01
3.7424193571e+02
-4.9558133357e-02
3.2157254100e-01
84
-4.4423202826e-02
-9.8712094951e-02
-4.7308212066e-02
1.1761059120e+02
-3.7359324142e-02
1.3159526669e-01
90
-4.5571852815e-02
-1.3225810155e-01
-4.6248656276e-01
1.6867627583e+02
1.4807402059e-02
5.5175663117e-02
91
9.0020943738e-03
2.6793175019e-01
3.6442914021e-01
4.1744659482e+02
1.9588237890e-01
-3.9012420784e-01
92
-6.6631260860e-02
-2.8212609797e-01
-2.5198685487e-01
5.0013748148e+02
1.1410850498e-01
3.9839187756e-01
93
-2.0158276688e-02
-2.3267857549e-01
-1.4134865987e-01
3.6960274311e+02
7.1386271145e-02
2.9311011100e-01
94
3.9535902255e-02
1.0082466615e-01
4.7318502505e-02
1.1770803431e+02
4.3359817270e-02
-1.2963386675e-01
100
-3.5933459697e-02
-1.3548469956e-01
-4.6304416886e-01
1.6936032491e+02
4.8180000025e-02
5.0576385699e-02
101
-1.5857909828e-02
2.6272460007e-01
3.6473708361e-01
4.1095116641e+02
1.1275337558e-01
-3.7689560883e-01
102
-3.8369977795e-02
-2.9152845101e-01
-2.5198205081e-01
5.0508299954e+02
2.4665231129e-01
3.7574559984e-01
103
6.2013905519e-02
2.2636334286e-01
1.4067299853e-01
3.7467209472e+02
9.4016287168e-02
-3.1145844009e-01
104
-9.5486921111e-05
-1.0602665848e-01
-4.7619535514e-02
1.1643861319e+02
4.8302235112e-02
1.1453939739e-01
110
-1.8734081769e-02
-1.3685258059e-01
-4.6268574307e-01
1.6963864560e+02
7.2843131882e-02
4.6836190628e-02
111
-5.7335461112e-02
2.5995614342e-01
3.6321977680e-01
4.0547016756e+02
5.1120605653e-02
-3.6701293674e-01
112
2.5329398495e-02
-2.9495269015e-01
-2.4981185243e-01
5.0888785346e+02
3.4180357886e-01
3.6175688726e-01
113
-1.2838991397e-02
2.3308947972e-01
1.4134742037e-01
3.6963931692e+02
-2.9397878649e-02
-3.0034295916e-01
114
-5.1666945224e-03
1.0602371039e-01
4.7632020280e-02
1.1657570953e+02
-4.3017990859e-02
-1.1668863181e-01
120
-3.9732465653e-02
-1.3836665320e-01
-4.6272545545e-01
1.6972396026e+02
8.3376345198e-02
4.6570022564e-02
121
-1.4588241636e-03
2.5354196351e-01
3.6320541654e-01
4.0331129610e+02
2.4330136510e-02
-3.6667868291e-01
122
5.7720990710e-02
2.8443907658e-01
2.4993361098e-01
4.9662822695e+02
8.6304667048e-02
-4.0931771794e-01
123
-3.5198487674e-02
-2.3507294647e-01
-1.4213482868e-01
3.6948505155e+02
1.1298818273e-01
2.9243269680e-01
124
-1.3855851224e-02
-1.0522006415e-01
-4.8074604579e-02
1.1614700988e+02
3.9901015112e-03
1.1942628781e-01
130
-2.2669161798e-02
-1.4120930071e-01
-4.6327470921e-01
1.7066359648e+02
1.0852179118e-01
4.7944289503e-02
131
-4.3364878673e-02
2.5568413481e-01
3.6403838858e-01
4.0456437750e+02
-3.7887356820e-02
-3.6901192129e-01
132
-5.6386822816e-03
2.8947730871e-01
2.5195964500e-01
4.9965935549e+02
-1.1011805333e-02
-4.1441203916e-01
133
3.9308112938e-02
-2.3610402026e-01
-1.4072009372e-01
3.7944496277e+02
2.3464442785e-01
2.9055083144e-01
134
8.6532465940e-03
1.0570202073e-01
4.8058332869e-02
1.1596242647e+02
1.6230318197e-03
-1.1942231717e-01
140
-1.1734940172e-02
-1.4427547849e-01
-4.6295831453e-01
1.7205185642e+02
1.4187665889e-01
4.9365822202e-02
141
-6.5345946453e-02
2.5493652743e-01
3.6301351383e-01
4.0439807320e+02
-1.2155963592e-01
-3.7345101349e-01
142
-3.5228806142e-02
2.9173034953e-01
2.5189793846e-01
5.0432402334e+02
-1.4495828145e-01
-4.2491328861e-01
143
1.5221968122e-03
2.3768332868e-01
1.4207144364e-01
3.6903581094e+02
-7.0491287499e-02
-3.0502902041e-01
144
3.0943481476e-02
-1.0554295418e-01
-4.7401596313e-02
1.1842715898e+02
8.9862051886e-02
1.2421127369e-01
150
5.0163943591e-03
-1.4002573921e-01
-4.6204915348e-01
1.7222283038e+02
1.6539044540e-01
5.1336287934e-02
151
-1.0355703845e-01
2.4268758476e-01
3.6073053303e-01
4.0276692095e+02
-1.8062784034e-01
-3.7797697363e-01
152
-9.7367216372e-02
2.7934201468e-01
2.4990851499e-01
5.0825467429e+02
-2.4156745340e-01
-4.3593247499e-01
153
-7.2220675061e-02
2.2833802284e-01
1.4078022029e-01
3.7972269038e+02
-1.9170894274e-01
-3.2094861542e-01
154
-3.6113526318e-02
1.0390104693e-01
4.7422128445e-02
1.1851045364e+02
-8.4068491572e-02
-1.2853585965e-01
160
4.9562397758e-03
1.4009236999e-01
4.6201116167e-01
1.7233641946e+02
1.6533415570e-01
-5.1001941808e-02
161
-1.0342945478e-01
-2.4253791636e-01
-3.6069199930e-01
4.0245869420e+02
-1.8053545653e-01
3.7784595756e-01
162
-9.7325835312e-02
-2.7926696642e-01
-2.4984756286e-01
5.0800381540e+02
-2.4158751259e-01
4.3555944785e-01
163
-7.2142962225e-02
-2.2833713549e-01
-1.4073989028e-01
3.7956041725e+02
-1.9166519167e-01
3.2065402327e-01
164
-3.6024178862e-02
-1.0381074176e-01
-4.7385894004e-02
1.1834228964e+02
-8.3998176731e-02
1.2836328393e-01
170
-1.1563425056e-02
1.4418081588e-01
4.6300653326e-01
1.7187846474e+02
1.4204879734e-01
-4.9803711977e-02
171
-6.5469764327e-02
-2.5486404134e-01
-3.6306668560e-01
4.0434110441e+02
-1.2164041295e-01
3.7391313876e-01
172
-3.5387636682e-02
-2.9195716342e-01
-2.5194036731e-01
5.0514009711e+02
-1.4507902421e-01
4.2499966120e-01
173
1.3969168098e-03
-2.3775603889e-01
-1.4211305769e-01
3.6949861340e+02
-7.0586449302e-02
3.0526191288e-01
174
3.0997882275e-02
1.0562613633e-01
4.7431424689e-02
1.1861531114e+02
8.9917913562e-02
-1.2434323829e-01
180
-2.2668125167e-02
1.4134259378e-01
4.6327615697e-01
1.7089235232e+02
1.0852338270e-01
-4.7821479707e-02
181
-4.3373059461e-02
-2.5588461591e-01
-3.6409201320e-01
4.0476591210e+02
-3.7872437230e-02
3.6920647847e-01
182
-5.6623967118e-03
-2.8988592636e-01
-2.5202000903e-01
5.0032003138e+02
-1.1004734241e-02
4.1444876199e-01
183
3.9357913746e-02
2.3632944613e-01
1.4076844727e-01
3.7999980592e+02
2.3472908879e-01
-2.9067243263e-01
184
8.6024123115e-03
-1.0590828919e-01
-4.8094375923e-02
1.1626930460e+02
1.5733200274e-03
1.1948201948e-01
190
-3.9764277366e-02
1.3846404739e-01
4.6270891993e-01
1.6990483536e+02
8.3336126817e-02
-4.6352760452e-02
191
-1.5330043049e-03
-2.5384414974e-01
-3.6315404960e-01
4.0372544507e+02
2.4240725655e-02
3.6599913258e-01
192
5.7579785947e-02
-2.8469100019e-01
-2.4991134251e-01
4.9696102270e+02
8.6155219584e-02
4.0890226268e-01
193
-3.5204447295e-02
2.3510565309e-01
1.4212404720e-01
3.6952919512e+02
1.1297304818e-01
-2.9232210439e-01
194
-1.3869084891e-02
1.0523724177e-01
4.8067281793e-02
1.1615151955e+02
3.9728539091e-03
-1.1935525565e-01
200
-1.8804261877e-02
1.3697392686e-01
4.6266986910e-01
1.6978231348e+02
7.2756684235e-02
-4.6599271438e-02
201
-5.7289177802e-02
-2.5986562763e-01
-3.6323985623e-01
4.0510575011e+02
5.1162589558e-02
3.6724930484e-01
202
2.5364834245e-02
2.9494309292e-01
2.4979403559e-01
5.0886415809e+02
3.4181232839e-01
-3.6164077310e-01
203
-1.2941657673e-02
-2.3322741112e-01
-1.4134476190e-01
3.6964238373e+02
-2.9499726811e-02
3.0018538493e-01
204
-5.2366798507e-03
-1.0611177835e-01
-4.7656147263e-02
1.1662621694e+02
-4.3102895352e-02
1.1677934674e-01
210
-3.6021069278e-02
1.3561330833e-01
4.6301091268e-01
1.6960643251e+02
4.8053929295e-02
-5.0205401644e-02
211
-1.5889224179e-02
-2.6287649536e-01
-3.6473221614e-01
4.1113905703e+02
1.1272367222e-01
3.7670845548e-01
212
-3.8422045110e-02
2.9167628727e-01
2.5197070969e-01
5.0547302814e+02
2.4658166943e-01
-3.7551738669e-01
213
6.2010191277e-02
-2.2645963138e-01
-1.4066904766e-01
3.7461852084e+02
9.4014282722e-02
3.1133315132e-01
214
-2.6463420539e-05
1.0613153775e-01
4.7643162168e-02
1.1660939157e+02
4.8399403250e-02
-1.1460755524e-01
220
-4.5602596578e-02
1.3237395313e-01
4.6246896589e-01
1.6883497509e+02
1.4749683316e-02
-5.4932913889e-02
221
8.9546990033e-03
-2.6784793223e-01
-3.6443764116e-01
4.1714547395e+02
1.9582913926e-01
3.9026825385e-01
222
-6.6571078848e-02
2.8217938402e-01
2.5198793034e-01
5.0026234369e+02
1.1417086598e-01
-3.9834621762e-01
223
-2.0125438085e-02
2.3252194546e-01
1.4135074653e-01
3.6939851210e+02
7.1423014662e-02
-2.9328172367e-01
224
3.9498953204e-02
-1.0081975793e-01
-4.7308352998e-02
1.1768405716e+02
4.3334186439e-02
1.2956500924e-01
230
-6.0230839583e-02
1.2471831325e-01
4.6133153253e-01
1.6796170994e+02
-8.7167395245e-03
-5.8194281084e-02
231
4.9437518589e-02
-2.5594622077e-01
-3.6253165834e-01
4.2115092425e+02
2.5477076798e-01
4.0049497427e-01
232
-1.2626091246e-01
2.6179809169e-01
2.4994672810e-01
4.9703677906e+02
1.7665121164e-02
-4.1756540146e-01
233
-9.3248248231e-02
2.1557285275e-01
1.4066149266e-01
3.7456969784e+02
-4.9549733846e-02
-3.2134086867e-01
234
-4.4423862331e-02
9.8815273958e-02
4.7324914914e-02
1.1774421395e+02
-3.7331789057e-02
-1.3161234750e-01
240
-1.2759319036e-03
1.3839857279e-01
4.6135677026e-01
1.6776090227e+02
3.4065114498e-02
-4.8502722817e-02
241
1.1538794807e-02
2.6362184366e-01
3.6070134430e-01
4.0285781052e+02
3.0265143776e-01
-2.8969367523e-01
242
-5.7041068662e-02
-2.9805947296e-01
-2.5216327581e-01
4.8837948715e+02
-1.1455393174e-01
4.0019791620e-01
243
-2.2758838992e-02
-2.3706284333e-01
-1.4225988413e-01
3.6898081402e+02
-1.6602184841e-01
2.7870963412e-01
244
-7.0926973388e-03
-1.0877800118e-01
-4.7884600359e-02
1.1677335736e+02
-8.7251724833e-02
1.0558644487e-01
250
-1.7873419207e-02
1.3874706828e-01
4.6247780648e-01
1.6868433261e+02
1.1700780812e-02
-5.5873458741e-02
251
-2.8906988677e-02
2.6141531310e-01
3.6306508571e-01
4.0419668589e+02
2.4690376156e-01
-3.0641363681e-01
252
4.0843885783e-03
-2.9360774811e-01
-2.5413693892e-01
4.9684852459e+02
-2.0972997182e-02
4.2352250439e-01
253
4.9865009276e-02
-2.2246703505e-01
-1.4222109242e-01
3.6796005976e+02
-4.5185266996e-02
3.0232071892e-01
254
1.6912054781e-03
1.0861215065e-01
4.7824307512e-02
1.1641654557e+02
9.1895243922e-02
-1.0124475033e-01
260
-2.8031398445e-02
1.3745126038e-01
4.6300510808e-01
1.6942417317e+02
-2.0273543086e-02
-6.6313714919e-02
261
-5.0137287661e-02
2.5457266751e-01
3.6403857151e-01
4.0472149212e+02
1.6716823606e-01
-3.3113644090e-01
262
3.5707081114e-02
-2.9790043730e-01
-2.5396928830e-01
5.0981931161e+02
1.0709894223e-01
4.5834340251e-01
263
-1.1072540229e-02
2.3763567288e-01
1.4218532405e-01
3.6861246604e+02
2.0366763800e-01
-2.5210594387e-01
264
3.6053278592e-02
-9.7935295111e-02
-4.7844540532e-02
1.1638581856e+02
-2.8246904776e-03
1.2613474424e-01
270
-4.4103289477e-02
1.3099272863e-01
4.6270362847e-01
1.6954627389e+02
-4.4016355096e-02
-7.4382919123e-02
271
-8.8560829082e-02
2.3820225998e-01
3.6316920315e-01
4.0395350268e+02
1.0757406495e-01
-3.5047365662e-01
272
9.6160837826e-02
-2.7649851317e-01
-2.5186933226e-01
5.2058162256e+02
1.9834880577e-01
4.8659923871e-01
273
-8.1194222411e-02
2.1335029278e-01
1.4224839590e-01
3.6846961439e+02
8.7358431575e-02
-2.9285214852e-01
274
-4.0905837277e-02
9.6193167279e-02
4.7865578497e-02
1.1660028813e+02
8.6978260533e-03
-1.2590671854e-01
280
-2.6054402602e-02
1.4190904619e-01
4.6271934347e-01
1.6984286602e+02
-5.3681712957e-02
-7.8492709996e-02
281
-3.8633261346e-02
2.6369969664e-01
3.6323753646e-01
4.0547539222e+02
8.2800273207e-02
-3.6101447394e-01
282
-1.9104033270e-02
3.0320292842e-01
2.5212565683e-01
4.8883117128e+02
2.1067527644e-01
-3.5837869388e-01
283
4.1632384536e-02
-2.3852428321e-01
-1.4442550278e-01
3.6905309218e+02
-8.6591642502e-03
3.2531115534e-01
284
2.4085427636e-02
-1.0319686236e-01
-4.9107501167e-02
1.1569247907e+02
-4.5205222304e-02
1.1460615269e-01
290
-4.2725733662e-02
1.3687029307e-01
4.6327670996e-01
1.7088254171e+02
-7.5553152577e-02
-9.0985340090e-02
291
-7.8869715642e-02
2.5149996474e-01
3.6473314359e-01
4.1098303565e+02
2.9120313406e-02
-3.9189482447e-01
292
-7.8035773998e-02
2.8367119431e-01
2.5414715872e-01
4.9745941092e+02
1.2654721307e-01
-4.0419147233e-01
293
1.0867325568e-01
-2.0909257988e-01
-1.4246273043e-01
3.8379760987e+02
9.9791329320e-02
3.7358139481e-01
294
-2.9253468955e-02
1.0183669303e-01
4.9112889453e-02
1.1566969414e+02
5.0661854666e-02
-1.1233782696e-01
300
-5.4045009553e-02
1.3446593482e-01
4.6299110765e-01
1.7183083293e+02
-1.0489529550e-01
-1.0760494532e-01
301
-1.0405520735e-01
2.4722972443e-01
3.6444948532e-01
4.1682149986e+02
-4.4042603470e-02
-4.3434556347e-01
302
-1.0996840141e-01
2.7960824111e-01
2.5401653946e-01
5.0988650748e+02
1.1119572430e-02
-4.7060993589e-01
303
-7.5831781141e-02
2.2987918469e-01
1.4442279396e-01
3.6880902277e+02
5.5075514296e-02
-3.2083095332e-01
304
6.4935671500e-02
-8.5569453944e-02
-4.8137996132e-02
1.1897243894e+02
2.8729267877e-02
1.5481616735e-01
310
-6.7062364458e-02
1.2366169749e-01
4.6198494844e-01
1.7265369905e+02
-1.2553683685e-01
-1.1872052782e-01
311
-1.3727232256e-01
2.2207930570e-01
3.6251617414e-01
4.2097906548e+02
-9.6518069197e-02
-4.6441806984e-01
312
-1.6255032832e-01
2.4410215634e-01
2.5183791980e-01
5.2057335634e+02
-7.1464418707e-02
-5.2019141739e-01
313
-1.3755363234e-01
1.9148549578e-01
1.4237983467e-01
3.8365201915e+02
-4.6348487419e-02
-3.8351297905e-01
314
-6.9128955418e-02
8.2299397168e-02
4.8131159457e-02
1.1907554539e+02
-2.1421007291e-02
-1.5602304025e-01
