-2.1642539501e-01 -3.7539106705e-01 -3.5762962157e-01 -1.9082697848e-01 
-1.7772602027e-01 -2.6678551060e-01 -1.9631232655e-01 1.7356957795e-01 
-1.3417233720e-01 -1.9583127434e-01 2.3719061186e-01 -7.0649963617e-02 
-6.0912788363e-02 -3.8582647113e-02 2.1321885053e-02 4.2669968771e-02 
-1.7149222963e-01 1.3520196708e-01 -2.2499099343e-01 -9.9853943904e-02 
-1.0798697308e-01 -4.0801058547e-02 9.1337918440e-03 7.4351317899e-02 
-7.7002400521e-02 -9.9272277092e-02 7.6953750635e-02 4.4907061667e-02 
-5.1666509964e-04 -2.5706152117e-01 -1.6934288591e-01 -7.3654837918e-02 
-7.1037862409e-04 -2.5665325392e-01 -1.6920185902e-01 -7.3723444605e-02 
-7.6785113838e-02 -9.9289381833e-02 7.6978867719e-02 4.4838902028e-02 
-1.0776264784e-01 -4.0867252577e-02 9.2741365797e-03 7.4273520899e-02 
-1.7127407731e-01 1.3504243334e-01 -2.2488772144e-01 -9.9605308743e-02 
-6.0827908132e-02 -3.8406112840e-02 2.1311769732e-02 4.2435859176e-02 
-1.3405999941e-01 -1.9603123204e-01 2.3674946093e-01 -7.0621986055e-02 
-1.7769339450e-01 -2.6632634386e-01 -1.9639686623e-01 1.7364205934e-01 
-2.1642345041e-01 -3.7508343418e-01 -3.5742500585e-01 -1.9097890511e-01 


-1.8042253807e-01 -2.8472629121e-01 -2.6428721583e-01 -1.1963137774e-01 
-2.4436124377e-01 -4.2525404519e-01 -4.3579492760e-01 1.4387586528e-01 
-2.4924982103e-01 -4.3129591342e-01 3.7579165880e-01 -2.0685244530e-01 
-2.7322545747e-01 -4.9428706538e-01 4.7703746652e-01 2.1451591259e-01 
-2.2087342326e-01 4.5107209433e-01 -3.7483106813e-01 -1.9420234206e-01 
-2.6110093593e-01 4.9943300661e-01 -4.5569168989e-01 2.0529785726e-01 
-2.9139394882e-01 4.6268595317e-01 4.2989071518e-01 -2.3025950654e-01 
-2.8117717797e-01 4.2401183787e-01 4.2350196394e-01 2.2268760493e-01 
2.8118851543e-01 -4.2385405266e-01 -4.2342461655e-01 -2.2281992778e-01 
2.9128419293e-01 -4.6280105026e-01 -4.2999354899e-01 2.3016678112e-01 
2.6081152117e-01 -4.9908791117e-01 4.5562674952e-01 -2.0503253461e-01 
2.2084785156e-01 -4.5063209276e-01 3.7461024623e-01 1.9390467006e-01 
2.7322548333e-01 4.9419919469e-01 -4.7710328212e-01 -2.1430653117e-01 
2.4923473095e-01 4.3158165114e-01 -3.7608573539e-01 2.0700030429e-01 
2.4411053636e-01 4.2459463347e-01 4.3566134399e-01 -1.4411230869e-01 
1.8003123192e-01 2.8483464793e-01 2.6437575905e-01 1.1978707653e-01 


-8.7842395390e-01 -6.2903754380e-01 -3.6962963640e-01 -1.3065740884e-01 
-8.8643848564e-01 -6.4033980172e-01 -3.7697977724e-01 1.3067881038e-01 
-8.8721966517e-01 -6.3807372353e-01 3.6967503346e-01 -1.3157212679e-01 
-8.8073997624e-01 -6.2387438484e-01 3.7702501309e-01 1.3157903082e-01 
-8.8081655177e-01 6.2905190932e-01 -3.6328249268e-01 -1.2554900118e-01 
-8.8721718113e-01 6.4042681699e-01 -3.6047823666e-01 1.2555594160e-01 
-8.8638477100e-01 6.3801987892e-01 3.6317529565e-01 -1.2514971861e-01 
-8.7848002505e-01 6.2388761161e-01 3.6050217506e-01 1.2514735475e-01 
8.7847494148e-01 -6.2390125069e-01 -3.6044806411e-01 -1.2518021438e-01 
8.8642782240e-01 -6.3805146844e-01 -3.6320540792e-01 1.2516162594e-01 
8.8723980784e-01 -6.4045311011e-01 3.6046598065e-01 -1.2552956842e-01 
8.8081395421e-01 -6.2905325581e-01 3.6321274829e-01 1.2544357644e-01 
8.8077014707e-01 6.2382770504e-01 -3.7702827346e-01 -1.3150884544e-01 
8.8725765600e-01 6.3802519870e-01 -3.6963681857e-01 1.3158389012e-01 
8.8645346815e-01 6.4041649613e-01 3.7707167934e-01 -1.3075051479e-01 
8.7849102360e-01 6.2896918390e-01 3.6958449375e-01 1.3068555272e-01 


6.5524192485e+02 1.3848474565e+03 1.3020443532e+03 4.6132424118e+02 
6.4378589402e+02 1.3141569064e+03 1.1570172954e+03 4.6132724525e+02 
6.2844606729e+02 1.2469892283e+03 1.3021384895e+03 4.2941035875e+02 
6.1689738865e+02 1.2217578141e+03 1.1570537273e+03 4.2943565930e+02 
6.1621213054e+02 1.3863575459e+03 1.1720809748e+03 4.3821004156e+02 
6.2805957215e+02 1.3145677669e+03 1.2255755867e+03 4.3848148670e+02 
6.4407604627e+02 1.2467924838e+03 1.1708381598e+03 4.4960399543e+02 
6.5476357605e+02 1.2215906806e+03 1.2252968053e+03 4.4981114143e+02 
6.5497759876e+02 1.2210511207e+03 1.2245772839e+03 4.4978602956e+02 
6.4398954925e+02 1.2479453360e+03 1.1717182171e+03 4.4969525894e+02 
6.2736952231e+02 1.3134988510e+03 1.2251978300e+03 4.3751448458e+02 
6.1605217945e+02 1.3857728336e+03 1.1717767191e+03 4.3726203654e+02 
6.1654261592e+02 1.2218287191e+03 1.1573295271e+03 4.2896006724e+02 
6.2790458861e+02 1.2483580760e+03 1.3008708117e+03 4.2964954960e+02 
6.4349666494e+02 1.3123865805e+03 1.1571929498e+03 4.6127723186e+02 
6.5423153550e+02 1.3840130617e+03 1.3018317550e+03 4.6159636744e+02 


-3.3749116505e-01 -1.2660795854e-01 -1.4680583117e-02 -2.7277691603e-04 
-2.6293485245e-01 5.9012862348e-02 2.4505865331e-01 4.7195571723e-02 
-1.3465189343e-01 3.6300983310e-01 2.9328268928e-01 1.8846636942e-01 
-3.8157915657e-02 5.8645438052e-01 -6.5827588189e-02 -1.6803928125e-01 
3.1895814906e-02 5.9275773066e-01 2.0357159564e-01 -1.7962735863e-02 
1.5133996933e-01 3.1847132175e-01 6.2928446384e-01 4.6863244274e-02 
3.2501095347e-01 -9.6918183804e-02 -4.2848937287e-02 2.7998044969e-01 
4.3669127996e-01 -3.7893280207e-01 -4.8861369987e-01 -2.5476644180e-01 
4.3649479211e-01 -3.7851688981e-01 -4.8850356779e-01 -2.5483164614e-01 
3.2526345177e-01 -9.6924510475e-02 -4.2815073735e-02 2.7992440707e-01 
1.5160300161e-01 3.1839271938e-01 6.2939735569e-01 4.6813502710e-02 
3.2108882580e-02 5.9259724353e-01 2.0349702563e-01 -1.7944864761e-02 
-3.7980066264e-02 5.8646946392e-01 -6.5843636450e-02 -1.6810380917e-01 
-1.3441065169e-01 3.6262468832e-01 2.9291660879e-01 1.8853447058e-01 
-2.6284292208e-01 5.9820808247e-02 2.4537731535e-01 4.7052420271e-02 
-3.3722251598e-01 -1.2661671735e-01 -1.4681341894e-02 -3.1242264720e-04 


2.8713289420e-01 8.3486528170e-01 7.7639654345e-01 3.6100640068e-01 
2.0501799910e-01 6.1341057947e-01 4.4249560979e-01 -3.5757828558e-01 
8.4842849342e-02 3.2629518259e-01 -7.1871354574e-01 1.4518037554e-01 
9.0886151833e-03 1.6546151102e-01 -5.0227817733e-01 -1.6850337612e-01 
-2.3207340624e-02 -6.0067052443e-01 4.1544763552e-01 2.3517156841e-01 
-5.0483061722e-02 -5.2857460394e-01 2.8429102968e-01 -2.3098989608e-01 
-7.3608415655e-02 -4.7841703056e-01 -4.6048518144e-01 1.8731898002e-01 
-7.5613562833e-02 -4.7666444060e-01 -4.8779947429e-01 -2.2095432142e-01 
7.5650373380e-02 4.7689819474e-01 4.8756474424e-01 2.2100697152e-01 
7.3274962759e-02 4.7847869944e-01 4.6055452579e-01 -1.8747556439e-01 
5.0072849043e-02 5.2905744406e-01 -2.8429496035e-01 2.3110685505e-01 
2.3195392341e-02 6.0111724570e-01 -4.1531836832e-01 -2.3490349963e-01 
-9.2341718925e-03 -1.6535224731e-01 5.0222845240e-01 1.6835771068e-01 
-8.5036439023e-02 -3.2580858470e-01 7.1824207768e-01 -1.4508473326e-01 
-2.0532869399e-01 -6.1434552968e-01 -4.4294874443e-01 3.5763189620e-01 
-2.8777501327e-01 -8.3452655015e-01 -7.7616012162e-01 -3.6094718032e-01 


