-7.0808394104e-01 -9.2315347946e-01 -5.6100009150e-01 
-7.8711330968e-01 -9.2302370673e-01 6.2219782146e-01 
-6.7334396619e-01 4.3528941041e-01 -3.2119589423e-01 
-2.9088837438e-01 -4.3239614929e-01 -2.5452276215e-02 
-2.9044937356e-01 -4.3227510695e-01 -2.5716843176e-02 
-6.7259606193e-01 4.3429208518e-01 -3.2071240307e-01 
-7.8847525168e-01 -9.2368155566e-01 6.2286056111e-01 
-7.0872463374e-01 -9.2435525218e-01 -5.6119269485e-01 


-2.1974685986e-02 1.7227032833e-01 2.8158322313e-01 
-3.0506281732e-01 -6.9929360814e-01 9.0959530126e-02 
-5.1093504539e-01 8.3755168172e-01 -6.1705278825e-01 
-6.4842551745e-01 1.0741859710e+00 6.9501148983e-01 
6.4816022104e-01 -1.0737939601e+00 -6.9475320927e-01 
5.1126411812e-01 -8.3791814349e-01 6.1719009894e-01 
3.0558835935e-01 6.9938022926e-01 -9.1014596020e-02 
2.1602663047e-02 -1.7389883346e-01 -2.8162906329e-01 


-1.9618396218e+00 -1.2779082317e+00 -6.1183658382e-01 
-2.1228058577e+00 -1.3049615110e+00 6.1223727441e-01 
-2.1226118850e+00 1.2780263673e+00 -5.1608336700e-01 
-1.9612202878e+00 1.3049477280e+00 5.1589717411e-01 
1.9613269731e+00 -1.3050683650e+00 -5.1578637687e-01 
2.1226273057e+00 -1.2777823382e+00 5.1597082650e-01 
2.1227392740e+00 1.3050827611e+00 -6.1220105105e-01 
1.9617575608e+00 1.2779071212e+00 6.1171370450e-01 


6.6668285844e+03 1.1992413440e+04 5.3767227845e+03 
4.5847088178e+03 5.8404488053e+03 5.3957440005e+03 
4.5901143879e+03 1.2050506953e+04 3.3879269067e+03 
6.6925080927e+03 5.8407020022e+03 3.3871031702e+03 
6.6860544600e+03 5.8411773439e+03 3.3854336576e+03 
4.5862742247e+03 1.2052241497e+04 3.3864436574e+03 
4.5894552353e+03 5.8415181131e+03 5.3979278509e+03 
6.6727019055e+03 1.2025632577e+04 5.3867725575e+03 


-8.6133319431e-01 6.4181590670e-01 7.6327182628e-01 
-8.3048084595e-01 2.6709956301e-01 -1.8345983534e-01 
-6.8410878026e-03 1.1911621820e+00 7.5170418673e-01 
6.6513804957e-01 -4.2139395520e-01 -7.7486234264e-01 
6.6567478654e-01 -4.2130194348e-01 -7.7505767070e-01 
-6.0661381770e-03 1.1902510701e+00 7.5189643892e-01 
-8.3206986820e-01 2.6679770327e-01 -1.8274486500e-01 
-8.6222043070e-01 6.4061061568e-01 7.6278526141e-01 


1.0759078852e+00 1.4337414603e+00 7.6726497553e-01 
5.0481073599e-01 -3.6384867485e-01 -1.0677478366e+00 
-9.7294137899e-01 -1.0252047064e+00 -2.4492275886e-01 
-1.2096108946e+00 -1.6222257625e-01 -1.5747253169e-01 
1.2091658725e+00 1.6293182876e-01 1.5735520033e-01 
9.7324000814e-01 1.0243783003e+00 2.4523652787e-01 
-5.0425176658e-01 3.6402402038e-01 1.0676469777e+00 
-1.0762504230e+00 -1.4353714748e+00 -7.6744821799e-01 


