Statei,Action,Staten,xcmi,ycmi,xcmn,ycmn,thetai,thetan
0,0,4,2.2500000000e+02,2.2500000000e+02,2.2463759052e+02,2.2481011115e+02,0.0000000000e+00,-1.2087617384e+00
4,1,6,2.2463759052e+02,2.2481011115e+02,2.2401361841e+02,2.2482663910e+02,-1.2087617384e+00,-1.9496041419e+00
6,0,2,2.2401361841e+02,2.2482663910e+02,2.2442612206e+02,2.2493397494e+02,-1.9496041419e+00,-7.1976250110e-01
2,1,0,2.2442612206e+02,2.2493397494e+02,2.2490754141e+02,2.2524118388e+02,-7.1976250110e-01,1.7841404540e-02
0,1,2,2.2490754141e+02,2.2524118388e+02,2.2442483828e+02,2.2493448610e+02,1.7841404540e-02,-7.1982051444e-01
2,2,3,2.2442483828e+02,2.2493448610e+02,2.2415472851e+02,2.2472261697e+02,-7.1982051444e-01,-9.8722471955e-01
3,0,7,2.2415472851e+02,2.2472261697e+02,2.2378919611e+02,2.2454026555e+02,-9.8722471955e-01,-2.1959650403e+00
7,2,6,2.2378919611e+02,2.2454026555e+02,2.2411570866e+02,2.2466872320e+02,-2.1959650403e+00,-1.9161340112e+00
6,0,2,2.2411570866e+02,2.2466872320e+02,2.2452438940e+02,2.2478980290e+02,-1.9161340112e+00,-6.8629237043e-01
2,0,6,2.2452438940e+02,2.2478980290e+02,2.2411614596e+02,2.2466836386e+02,-6.8629237043e-01,-1.9160302012e+00
6,0,2,2.2411614596e+02,2.2466836386e+02,2.2452481413e+02,2.2478948598e+02,-1.9160302012e+00,-6.8618856043e-01
2,2,3,2.2452481413e+02,2.2478948598e+02,2.2426198134e+02,2.2456865405e+02,-6.8618856043e-01,-9.5359276554e-01
3,1,1,2.2426198134e+02,2.2456865405e+02,2.2459621247e+02,2.2509563275e+02,-9.5359276554e-01,-2.1287303727e-01
1,2,0,2.2459621247e+02,2.2509563275e+02,2.2487865156e+02,2.2530509038e+02,-2.1287303727e-01,6.7133134460e-02
0,2,1,2.2487865156e+02,2.2530509038e+02,2.2459651583e+02,2.2509631829e+02,6.7133134460e-02,-2.1272191510e-01
1,0,5,2.2459651583e+02,2.2509631829e+02,2.2427730827e+02,2.2481377064e+02,-2.1272191510e-01,-1.4426082744e+00
5,1,7,2.2427730827e+02,2.2481377064e+02,2.2375402751e+02,2.2458535889e+02,-1.4426082744e+00,-2.1803409564e+00
7,1,5,2.2375402751e+02,2.2458535889e+02,2.2427772010e+02,2.2481442916e+02,-2.1803409564e+00,-1.4427613282e+00
5,1,7,2.2427772010e+02,2.2481442916e+02,2.2375440438e+02,2.2458609751e+02,-1.4427613282e+00,-2.1804940102e+00
7,1,5,2.2375440438e+02,2.2458609751e+02,2.2427813203e+02,2.2481508762e+02,-2.1804940102e+00,-1.4429143820e+00
5,0,1,2.2427813203e+02,2.2481508762e+02,2.2459699418e+02,2.2509687655e+02,-1.4429143820e+00,-2.1313084420e-01
1,1,3,2.2459699418e+02,2.2509687655e+02,2.2426234492e+02,2.2457009816e+02,-2.1313084420e-01,-9.5376406704e-01
3,0,7,2.2426234492e+02,2.2457009816e+02,2.2390311758e+02,2.2437562014e+02,-9.5376406704e-01,-2.1625043878e+00
7,0,3,2.2390311758e+02,2.2437562014e+02,2.2426262777e+02,2.2457017848e+02,-2.1625043878e+00,-9.5367604584e-01
3,1,1,2.2426262777e+02,2.2457017848e+02,2.2459690279e+02,2.2509712934e+02,-9.5367604584e-01,-2.1295631757e-01
1,2,0,2.2459690279e+02,2.2509712934e+02,2.2487935931e+02,2.2530656345e+02,-2.1295631757e-01,6.7049854160e-02
0,0,4,2.2487935931e+02,2.2530656345e+02,2.2453048665e+02,2.2509281998e+02,6.7049854160e-02,-1.1417118842e+00
4,2,5,2.2453048665e+02,2.2509281998e+02,2.2420743419e+02,2.2497632457e+02,-1.1417118842e+00,-1.4090911531e+00
5,0,1,2.2420743419e+02,2.2497632457e+02,2.2451658477e+02,2.2526873523e+02,-1.4090911531e+00,-1.7930761532e-01
1,1,3,2.2451658477e+02,2.2526873523e+02,2.2419994085e+02,2.2473094136e+02,-1.7930761532e-01,-9.1994083816e-01
3,1,1,2.2419994085e+02,2.2473094136e+02,2.2451625225e+02,2.2526886710e+02,-9.1994083816e-01,-1.7922110989e-01
1,2,0,2.2451625225e+02,2.2526886710e+02,2.2479148410e+02,2.2548770896e+02,-1.7922110989e-01,1.0078506184e-01
0,0,4,2.2479148410e+02,2.2548770896e+02,2.2445001925e+02,2.2526232005e+02,1.0078506184e-01,-1.1079766766e+00
4,1,6,2.2445001925e+02,2.2526232005e+02,2.2382755055e+02,2.2521598347e+02,-1.1079766766e+00,-1.8488190801e+00
6,1,4,2.2382755055e+02,2.2521598347e+02,2.2445036715e+02,2.2526281023e+02,-1.8488190801e+00,-1.1080324475e+00
4,1,6,2.2445036715e+02,2.2526281023e+02,2.2382789587e+02,2.2521650837e+02,-1.1080324475e+00,-1.8488748510e+00
6,0,2,2.2382789587e+02,2.2521650837e+02,2.2422751499e+02,2.2536478110e+02,-1.8488748510e+00,-6.1903321021e-01
2,2,3,2.2422751499e+02,2.2536478110e+02,2.2398009354e+02,2.2512680959e+02,-6.1903321021e-01,-8.8643741532e-01
3,0,7,2.2398009354e+02,2.2512680959e+02,2.2363476373e+02,2.2490860487e+02,-8.8643741532e-01,-2.0951777361e+00
7,2,6,2.2363476373e+02,2.2490860487e+02,2.2394669432e+02,2.2506926327e+02,-2.0951777361e+00,-1.8153467070e+00
6,2,7,2.2394669432e+02,2.2506926327e+02,2.2363412611e+02,2.2490878434e+02,-1.8153467070e+00,-2.0952287300e+00
7,0,3,2.2363412611e+02,2.2490878434e+02,2.2397974387e+02,2.2512707061e+02,-2.0952287300e+00,-8.8640038795e-01
3,2,2,2.2397974387e+02,2.2512707061e+02,2.2422699251e+02,2.2536548258e+02,-8.8640038795e-01,-6.1900195420e-01
2,0,6,2.2422699251e+02,2.2536548258e+02,2.2382783850e+02,2.2521686822e+02,-6.1900195420e-01,-1.8487397850e+00
6,0,2,2.2382783850e+02,2.2521686822e+02,2.2422743758e+02,2.2536519493e+02,-1.8487397850e+00,-6.1889814420e-01
2,0,6,2.2422743758e+02,2.2536519493e+02,2.2382829900e+02,2.2521653914e+02,-6.1889814420e-01,-1.8486359750e+00
6,1,4,2.2382829900e+02,2.2521653914e+02,2.2445110702e+02,2.2526347994e+02,-1.8486359750e+00,-1.1078493425e+00
4,1,6,2.2445110702e+02,2.2526347994e+02,2.2382864423e+02,2.2521706410e+02,-1.1078493425e+00,-1.8486917460e+00
6,2,7,2.2382864423e+02,2.2521706410e+02,2.2351089959e+02,2.2506709506e+02,-1.8486917460e+00,-2.1285737689e+00
7,0,3,2.2351089959e+02,2.2506709506e+02,2.2386360263e+02,2.2527373748e+02,-2.1285737689e+00,-9.1974542690e-01
3,0,7,2.2386360263e+02,2.2527373748e+02,2.2351119774e+02,2.2506715391e+02,-9.1974542690e-01,-2.1284857477e+00
7,1,5,2.2351119774e+02,2.2506715391e+02,2.2402231324e+02,2.2532306029e+02,-2.1284857477e+00,-1.3909061195e+00
5,0,1,2.2402231324e+02,2.2532306029e+02,2.2432609550e+02,2.2562104420e+02,-1.3909061195e+00,-1.6112258170e-01
1,1,3,2.2432609550e+02,2.2562104420e+02,2.2401928320e+02,2.2507758139e+02,-1.6112258170e-01,-9.0175580454e-01
3,2,2,2.2401928320e+02,2.2507758139e+02,2.2427016346e+02,2.2531216879e+02,-9.0175580454e-01,-6.3435737079e-01
2,2,3,2.2427016346e+02,2.2531216879e+02,2.2401912450e+02,2.2507801660e+02,-6.3435737079e-01,-9.0176157590e-01
3,0,7,2.2401912450e+02,2.2507801660e+02,2.2367049156e+02,2.2486512918e+02,-9.0176157590e-01,-2.1105018967e+00
7,1,5,2.2367049156e+02,2.2486512918e+02,2.2417692247e+02,2.2513018550e+02,-2.1105018967e+00,-1.3729222685e+00
5,1,7,2.2417692247e+02,2.2513018550e+02,2.2367081598e+02,2.2486589229e+02,-1.3729222685e+00,-2.1106549505e+00
7,1,5,2.2367081598e+02,2.2486589229e+02,2.2417728745e+02,2.2513087110e+02,-2.1106549505e+00,-1.3730753223e+00
5,1,7,2.2417728745e+02,2.2513087110e+02,2.2367114051e+02,2.2486665536e+02,-1.3730753223e+00,-2.1108080043e+00
7,2,6,2.2367114051e+02,2.2486665536e+02,2.2398554402e+02,2.2502241877e+02,-2.1108080043e+00,-1.8309769752e+00
6,2,7,2.2398554402e+02,2.2502241877e+02,2.2367050577e+02,2.2486684478e+02,-1.8309769752e+00,-2.1108589981e+00
7,2,6,2.2367050577e+02,2.2486684478e+02,2.2398491722e+02,2.2502259216e+02,-2.1108589981e+00,-1.8310279690e+00
6,0,2,2.2398491722e+02,2.2502259216e+02,2.2438182664e+02,2.2517797286e+02,-1.8310279690e+00,-6.0118632821e-01
2,2,3,2.2438182664e+02,2.2517797286e+02,2.2413869142e+02,2.2493562378e+02,-6.0118632821e-01,-8.6859053332e-01
3,1,1,2.2413869142e+02,2.2493562378e+02,2.2442697536e+02,2.2548907600e+02,-8.6859053332e-01,-1.2787080505e-01
1,0,5,2.2442697536e+02,2.2548907600e+02,2.2413286194e+02,2.2518049225e+02,-1.2787080505e-01,-1.3577571644e+00
5,1,7,2.2413286194e+02,2.2518049225e+02,2.2363082152e+02,2.2490855457e+02,-1.3577571644e+00,-2.0954898464e+00
7,2,6,2.2363082152e+02,2.2490855457e+02,2.2394280223e+02,2.2506911560e+02,-2.0954898464e+00,-1.8156588172e+00
6,0,2,2.2394280223e+02,2.2506911560e+02,2.2433727679e+02,2.2523057787e+02,-1.8156588172e+00,-5.8581717643e-01
2,0,6,2.2433727679e+02,2.2523057787e+02,2.2394327337e+02,2.2506880193e+02,-5.8581717643e-01,-1.8155550072e+00
6,2,7,2.2394327337e+02,2.2506880193e+02,2.2363067174e+02,2.2490838812e+02,-1.8155550072e+00,-2.0954370302e+00
7,0,3,2.2363067174e+02,2.2490838812e+02,2.2397633496e+02,2.2512660239e+02,-2.0954370302e+00,-8.8660868818e-01
3,0,7,2.2397633496e+02,2.2512660239e+02,2.2363096778e+02,2.2490845682e+02,-8.8660868818e-01,-2.0953490090e+00
7,0,3,2.2363096778e+02,2.2490845682e+02,2.2397661179e+02,2.2512670152e+02,-2.0953490090e+00,-8.8652066698e-01
3,0,7,2.2397661179e+02,2.2512670152e+02,2.2363126381e+02,2.2490852554e+02,-8.8652066698e-01,-2.0952609878e+00
7,0,3,2.2363126381e+02,2.2490852554e+02,2.2397688861e+02,2.2512680066e+02,-2.0952609878e+00,-8.8643264578e-01
3,0,7,2.2397688861e+02,2.2512680066e+02,2.2363155984e+02,2.2490859430e+02,-8.8643264578e-01,-2.0951729666e+00
7,2,6,2.2363155984e+02,2.2490859430e+02,2.2394348966e+02,2.2506925419e+02,-2.0951729666e+00,-1.8153419375e+00
6,0,2,2.2394348966e+02,2.2506925419e+02,2.2433791304e+02,2.2523084145e+02,-1.8153419375e+00,-5.8550029666e-01
2,2,3,2.2433791304e+02,2.2523084145e+02,2.2409860907e+02,2.2498470851e+02,-5.8550029666e-01,-8.5290450177e-01
3,1,1,2.2409860907e+02,2.2498470851e+02,2.2437817643e+02,2.2554261449e+02,-8.5290450177e-01,-1.1218477350e-01
1,1,3,2.2437817643e+02,2.2554261449e+02,2.2409831672e+02,2.2498479359e+02,-1.1218477350e-01,-8.5281799634e-01
3,1,1,2.2409831672e+02,2.2498479359e+02,2.2437783582e+02,2.2554272376e+02,-8.5281799634e-01,-1.1209826807e-01
1,0,5,2.2437783582e+02,2.2554272376e+02,2.2408862592e+02,2.2522953966e+02,-1.1209826807e-01,-1.3419846274e+00
5,1,7,2.2408862592e+02,2.2522953966e+02,2.2359093692e+02,2.2494971769e+02,-1.3419846274e+00,-2.0797173094e+00
7,1,5,2.2359093692e+02,2.2494971769e+02,2.2408896952e+02,2.2523023623e+02,-2.0797173094e+00,-1.3421376812e+00
5,1,7,2.2408896952e+02,2.2523023623e+02,2.2359123769e+02,2.2495049043e+02,-1.3421376812e+00,-2.0798703632e+00
7,0,3,2.2359123769e+02,2.2495049043e+02,2.2393346230e+02,2.2517405887e+02,-2.0798703632e+00,-8.7104202117e-01
3,1,1,2.2393346230e+02,2.2517405887e+02,2.2422310215e+02,2.2572680271e+02,-8.7104202117e-01,-1.3032229290e-01
1,2,0,2.2422310215e+02,2.2572680271e+02,2.2448730817e+02,2.2595883614e+02,-1.3032229290e-01,1.4968387883e-01
0,0,4,2.2448730817e+02,2.2595883614e+02,2.2415726833e+02,2.2571702606e+02,1.4968387883e-01,-1.0590778596e+00
4,1,6,2.2415726833e+02,2.2571702606e+02,2.2353780858e+02,2.2564031901e+02,-1.0590778596e+00,-1.7999202631e+00
6,2,7,2.2353780858e+02,2.2564031901e+02,2.2322775308e+02,2.2547503756e+02,-1.7999202631e+00,-2.0798022860e+00
7,0,3,2.2322775308e+02,2.2547503756e+02,2.2356996246e+02,2.2569862929e+02,-2.0798022860e+00,-8.7097394402e-01
3,2,2,2.2356996246e+02,2.2569862929e+02,2.2381350398e+02,2.2594082691e+02,-8.7097394402e-01,-6.0357551027e-01
2,0,6,2.2381350398e+02,2.2594082691e+02,2.2341668997e+02,2.2578607295e+02,-6.0357551027e-01,-1.8333133411e+00
6,1,4,2.2341668997e+02,2.2578607295e+02,2.2403870564e+02,2.2584255093e+02,-1.8333133411e+00,-1.0925267085e+00
4,2,5,2.2403870564e+02,2.2584255093e+02,2.2372177140e+02,2.2571031342e+02,-1.0925267085e+00,-1.3599059774e+00
