-5.1439740566e-01 -8.4276926235e-01 -7.9175289540e-01 -4.5582564509e-01 -1.0658242585e-01 
-6.5494645157e-01 -1.1195708034e+00 -1.1698213658e+00 -8.6099422205e-01 1.8257326597e-01 
-6.3848261934e-01 -1.0525482366e+00 -1.0627007282e+00 7.0024948237e-01 -3.5378314898e-01 
-5.5492725490e-01 -8.7066762152e-01 -9.0992777183e-01 8.6102502702e-01 3.4417641040e-01 
-4.4467365104e-01 -7.5638503700e-01 8.5235985770e-01 -7.0644335878e-01 -3.7039826806e-01 
-4.2363898781e-01 -7.4762003918e-01 8.8099372059e-01 -5.2912990328e-01 3.6213860838e-01 
-3.0979550778e-01 -6.4107973660e-01 3.7378587042e-01 5.5658297281e-01 -1.7381826905e-01 
-1.8792106175e-01 -3.5357631494e-01 -1.6501450374e-02 5.4357175118e-02 8.1437163591e-02 
-4.1446278608e-01 4.3882593368e-01 -9.7129670770e-01 -8.7025377324e-01 -4.7930820124e-01 
-4.8302289865e-01 5.1843413461e-01 -8.2510806793e-01 -3.7760477331e-01 4.5263915667e-01 
-4.2432136230e-01 -7.3020897860e-03 -5.8034452728e-01 6.5755880248e-01 -5.0128969756e-02 
-2.4361575393e-01 -3.9184711942e-01 -7.5298861646e-03 -6.8197364427e-02 -2.8567387880e-02 
-3.9007770678e-01 -6.6606085720e-02 4.6925271998e-01 -3.5341908319e-01 -1.4111226104e-01 
-2.1003563193e-01 -4.7688295799e-01 -7.9429965277e-02 3.1983934995e-01 5.5007000128e-02 
2.9136697797e-02 -7.1592426433e-01 -5.3500064729e-01 -2.1557856016e-01 3.5204115794e-01 
-6.8354230479e-02 -6.6416669957e-01 -8.0525714391e-01 -7.3125673892e-01 -4.1088356872e-01 
-6.8679389738e-02 -6.6380480256e-01 -8.0456357448e-01 -7.3111245722e-01 -4.1063521629e-01 
2.9031855896e-02 -7.1557649448e-01 -5.3494768307e-01 -2.1574523255e-01 3.5222645708e-01 
-2.1012790346e-01 -4.7686250679e-01 -7.9488825970e-02 3.1960296801e-01 5.4883742822e-02 
-3.9024086382e-01 -6.6518012558e-02 4.6917812231e-01 -3.5374938136e-01 -1.4115596994e-01 
-2.4367295160e-01 -3.9157099959e-01 -6.9479535667e-03 -6.8202820577e-02 -2.8863326283e-02 
-4.2408968805e-01 -7.4538750995e-03 -5.8009000775e-01 6.5757618104e-01 -4.9854170596e-02 
-4.8338830707e-01 5.1783338704e-01 -8.2525583765e-01 -3.7747694046e-01 4.5233978268e-01 
-4.1462028860e-01 4.3913369573e-01 -9.7136848482e-01 -8.7038997933e-01 -4.7896905310e-01 
-1.8799034794e-01 -3.5342322916e-01 -1.6466684780e-02 5.4403115177e-02 8.1336221160e-02 
-3.0946708830e-01 -6.4090319078e-01 3.7377487671e-01 5.5627406115e-01 -1.7357829536e-01 
-4.2352539897e-01 -7.4747560208e-01 8.8147608082e-01 -5.2921144989e-01 3.6175016688e-01 
-4.4430306995e-01 -7.5630789151e-01 8.5222595041e-01 -7.0619358599e-01 -3.7065251183e-01 
-5.5476528168e-01 -8.7082848899e-01 -9.0995853431e-01 8.6146028138e-01 3.4401737971e-01 
-6.3900539297e-01 -1.0521538020e+00 -1.0624621095e+00 7.0074191674e-01 -3.5379957107e-01 
-6.5538278319e-01 -1.1203968700e+00 -1.1699225146e+00 -8.6088201134e-01 1.8253091008e-01 
-5.1449689096e-01 -8.4277923211e-01 -7.9184745109e-01 -4.5577285661e-01 -1.0672561856e-01 


-5.7306611772e-02 1.5051596506e-01 4.5755627947e-01 5.7450351505e-01 3.3825767871e-01 
1.0785125245e-01 3.0071506710e-01 3.3319062511e-01 2.9263824272e-01 -3.0475047907e-01 
-1.2508714584e-01 -2.0703004319e-01 -2.0933406496e-01 -2.1741270763e-01 3.4071177053e-03 
-3.3673095185e-01 -6.3976825629e-01 -7.0481619661e-01 2.9728962358e-01 8.3811448399e-02 
-2.0043465302e-01 -2.7612840405e-01 3.3932849553e-01 -8.5568866983e-02 -1.2097172528e-02 
-3.7871556431e-01 -6.6445622109e-01 8.4547784256e-01 -7.6472045845e-01 8.3695804708e-02 
-4.5765257381e-01 -9.2568542169e-01 1.0174307682e+00 4.4210012603e-01 -4.6014814109e-01 
-4.0718366516e-01 -8.6326389294e-01 1.1493239535e+00 9.2649370908e-01 4.8450030424e-01 
-1.7170880228e-01 7.3842366377e-01 -2.5864571900e-01 -2.6008615009e-01 -1.3036450355e-01 
-2.6822902163e-01 1.0426058639e+00 -7.2730254361e-01 -8.1671824957e-01 2.0596671135e-01 
-3.7500437985e-01 1.0740178998e+00 -1.1153543172e+00 6.2549337553e-01 -4.3058019693e-01 
-4.2006716825e-01 1.0066356837e+00 -1.1307091395e+00 8.9619917881e-01 4.3233275227e-01 
-5.1772032915e-01 7.9930226918e-01 8.8627500581e-01 -9.9826732069e-01 -4.1109104990e-01 
-6.1596458906e-01 8.7484045991e-01 1.0950195411e+00 -9.8832082800e-01 4.3063791181e-01 
-6.6455997880e-01 8.6998326589e-01 1.1397284324e+00 1.0374988837e+00 -3.9774985618e-01 
-5.1391021614e-01 6.5687025401e-01 7.9703633933e-01 7.3755816568e-01 3.3475923595e-01 
5.1363549707e-01 -6.5664802995e-01 -7.9709462645e-01 -7.3731199311e-01 -3.3489231352e-01 
6.6457628097e-01 -8.7055171819e-01 -1.1402340866e+00 -1.0377222092e+00 3.9755503374e-01 
6.1603825442e-01 -8.7504916469e-01 -1.0954275779e+00 9.8790610359e-01 -4.3099010568e-01 
5.1751853430e-01 -7.9929651645e-01 -8.8611652507e-01 9.9829209756e-01 4.1125599610e-01 
4.2000765447e-01 -1.0064863297e+00 1.1303783574e+00 -8.9672726871e-01 -4.3265617477e-01 
3.7490035431e-01 -1.0738886586e+00 1.1140058605e+00 -6.2559959548e-01 4.3048109841e-01 
2.6835874099e-01 -1.0430580870e+00 7.2739365317e-01 8.1659542588e-01 -2.0623035840e-01 
1.7182149016e-01 -7.3880222518e-01 2.5856202291e-01 2.5990488081e-01 1.3016606102e-01 
4.0722144341e-01 8.6320786859e-01 -1.1491818318e+00 -9.2658973806e-01 -4.8466593429e-01 
4.5758339434e-01 9.2572169966e-01 -1.0176249014e+00 -4.4199131492e-01 4.5983495665e-01 
3.7865082075e-01 6.6423869654e-01 -8.4635337085e-01 7.6487535169e-01 -8.3868861512e-02 
2.0023299777e-01 2.7597944703e-01 -3.3874848624e-01 8.5236644898e-02 1.2148513450e-02 
3.3677620917e-01 6.3986469348e-01 7.0480044889e-01 -2.9757565050e-01 -8.4112434099e-02 
1.2541600738e-01 2.0696408825e-01 2.0924251045e-01 2.1714332444e-01 -3.3135922364e-03 
-1.0814054022e-01 -3.0072445196e-01 -3.3315077771e-01 -2.9272947046e-01 3.0479459656e-01 
5.7161772584e-02 -1.5077637373e-01 -4.5764210270e-01 -5.7427845427e-01 -3.3816246086e-01 


-1.5942139345e+00 -1.2143375532e+00 -9.0813581490e-01 -6.0236650114e-01 -2.3511417200e-01 
-1.6913115818e+00 -1.3737433946e+00 -1.0456055587e+00 -6.6157792456e-01 2.3539690411e-01 
-1.7040871488e+00 -1.3819612329e+00 -1.0237571403e+00 6.0273547751e-01 -2.4744457088e-01 
-1.6693110772e+00 -1.3063722941e+00 -9.2519310893e-01 6.6160263674e-01 2.4746055195e-01 
-1.6713016839e+00 -1.3018978063e+00 9.0791081129e-01 -5.4955084673e-01 -1.9358635894e-01 
-1.6877023907e+00 -1.3428359879e+00 1.0452646221e+00 -5.4643876524e-01 1.9374288549e-01 
-1.6599968655e+00 -1.2955567117e+00 1.0236183289e+00 5.4948848690e-01 -1.9473787921e-01 
-1.6109956110e+00 -1.1799713199e+00 9.2512428359e-01 5.4641858370e-01 1.9453467406e-01 
-1.6110113056e+00 1.2139407487e+00 -8.2282084540e-01 -4.6855353081e-01 -1.6091523349e-01 
-1.6600151405e+00 1.3733264192e+00 -9.2085784174e-01 -5.0787932110e-01 1.6100552792e-01 
-1.6876864690e+00 1.3818009875e+00 -9.1917517785e-01 4.6873507969e-01 -1.8105521978e-01 
-1.6713281045e+00 1.3063317881e+00 -7.9674378999e-01 5.0786353316e-01 1.8097367185e-01 
-1.6692745245e+00 1.3020394954e+00 8.2287778642e-01 -5.4442893457e-01 -2.0268823971e-01 
-1.7039261845e+00 1.3429093384e+00 9.2085456103e-01 -4.6692025276e-01 2.0262263626e-01 
-1.6912073994e+00 1.2956324886e+00 9.1918971632e-01 5.4441227497e-01 -1.6252734448e-01 
-1.5939498252e+00 1.1798491661e+00 7.9679498047e-01 4.6659610742e-01 1.6227277636e-01 
1.5940025669e+00 -1.1799283035e+00 -7.9671140721e-01 -4.6662884419e-01 -1.6219023435e-01 
1.6911980091e+00 -1.2954874663e+00 -9.1921562847e-01 -5.4439059540e-01 1.6247326710e-01 
1.7038968020e+00 -1.3429390031e+00 -9.2088594044e-01 4.6685268649e-01 -2.0272482270e-01 
1.6693090672e+00 -1.3020047889e+00 -8.2299348294e-01 5.4448447563e-01 2.0272583234e-01 
1.6713709595e+00 -1.3063767945e+00 7.9686422313e-01 -5.0788033236e-01 -1.8099763278e-01 
1.6877250912e+00 -1.3818969527e+00 9.1916231992e-01 -4.6872355195e-01 1.8102314794e-01 
1.6599587910e+00 -1.3732566876e+00 9.2087643037e-01 5.0788035530e-01 -1.6096082667e-01 
1.6109683340e+00 -1.2138926631e+00 8.2277186156e-01 4.6850331165e-01 1.6083935618e-01 
1.6109681938e+00 1.1800245054e+00 -9.2514773714e-01 -5.4642205448e-01 -1.9457826298e-01 
1.6600703782e+00 1.2956176743e+00 -1.0236545861e+00 -5.4947261371e-01 1.9468316492e-01 
1.6877090214e+00 1.3428615305e+00 -1.0452550285e+00 5.4652807061e-01 -1.9368242868e-01 
1.6713811706e+00 1.3019103394e+00 -9.0802865368e-01 5.4950687402e-01 1.9366924601e-01 
1.6693315517e+00 1.3063343034e+00 9.2517991867e-01 -6.6159524005e-01 -2.4737442779e-01 
1.7039568835e+00 1.3819639604e+00 1.0237868332e+00 -6.0261079524e-01 2.4745399201e-01 
1.6913330520e+00 1.3737061911e+00 1.0455796457e+00 6.6158969169e-01 -2.3541858642e-01 
1.5942124478e+00 1.2143940222e+00 9.0810507010e-01 6.0242319374e-01 2.3509238899e-01 


1.0965672136e+02 3.4413312482e+02 4.5518722513e+02 3.1371854453e+02 8.1918142749e+01 
8.8490066343e+01 2.2908552708e+02 2.4519737810e+02 1.2870528522e+02 8.1948743181e+01 
7.0880893553e+01 1.5727474637e+02 1.4896869274e+02 3.1394698524e+02 3.9006509456e+01 
6.5739053902e+01 1.3687978114e+02 1.2957418902e+02 1.2877095167e+02 3.9005033267e+01 
6.1041787312e+01 1.2130826574e+02 4.5555121333e+02 1.0986485045e+02 4.2671447422e+01 
6.0151160748e+01 1.2409537936e+02 2.4533311911e+02 1.2049972846e+02 4.2743518648e+01 
5.7761897726e+01 1.2897033801e+02 1.4894707251e+02 1.0982037764e+02 4.5663751925e+01 
5.5530133690e+01 1.3258935827e+02 1.2957659180e+02 1.2047197928e+02 4.5642039311e+01 
5.5520966645e+01 3.4421449115e+02 1.4575798973e+02 1.3837292482e+02 4.9358453668e+01 
5.7755594699e+01 2.2925342595e+02 1.5351700521e+02 1.1259030675e+02 4.9401452713e+01 
6.0161269871e+01 1.5723513865e+02 1.8307435402e+02 1.3845721143e+02 4.1895987406e+01 
6.0992229444e+01 1.3691473100e+02 2.2646128783e+02 1.1258727162e+02 4.1879322127e+01 
6.5743757929e+01 1.2123297406e+02 1.4578451640e+02 1.1898596607e+02 4.0469869525e+01 
7.0916979220e+01 1.2405875063e+02 1.5359023161e+02 1.9376219268e+02 4.0448555386e+01 
8.8465867318e+01 1.2894198534e+02 1.8288067038e+02 1.1892244273e+02 6.1018517116e+01 
1.0962943942e+02 1.3261985368e+02 2.2632360627e+02 1.9367036218e+02 6.0953376325e+01 
1.0960866992e+02 1.3255318427e+02 2.2627274868e+02 1.9361048995e+02 6.0921349038e+01 
8.8499602174e+01 1.2900573074e+02 1.8291620647e+02 1.1894272676e+02 6.1067456619e+01 
7.0909601795e+01 1.2406010279e+02 1.5361175361e+02 1.9380566736e+02 4.0477888495e+01 
6.5745002413e+01 1.2124647182e+02 1.4574813818e+02 1.1902127511e+02 4.0502578028e+01 
6.0979294551e+01 1.3689062594e+02 2.2641102002e+02 1.1264103137e+02 4.1910561430e+01 
6.0143818030e+01 1.5723754020e+02 1.8292556784e+02 1.3839053496e+02 4.1893302827e+01 
5.7804556427e+01 2.2907641405e+02 1.5354752925e+02 1.1259075008e+02 4.9363938524e+01 
5.5526824663e+01 3.4425274907e+02 1.4578451291e+02 1.3841757782e+02 4.9360372260e+01 
5.5537599897e+01 1.3254968415e+02 1.2956620892e+02 1.2048563491e+02 4.5669027140e+01 
5.7730004020e+01 1.2893261769e+02 1.4895970572e+02 1.0977834235e+02 4.5647883683e+01 
6.0146359371e+01 1.2408174755e+02 2.4528615759e+02 1.2049678717e+02 4.2699160287e+01 
6.0979708172e+01 1.2130535152e+02 4.5479143283e+02 1.0985393583e+02 4.2709867030e+01 
6.5741685112e+01 1.3689107415e+02 1.2957720504e+02 1.2877554594e+02 3.8975727310e+01 
7.0985462143e+01 1.5723121924e+02 1.4896778603e+02 3.1358515078e+02 3.8996252497e+01 
8.8530705978e+01 2.2922111199e+02 2.4528950252e+02 1.2872590282e+02 8.1954285544e+01 
1.0971170894e+02 3.4390973308e+02 4.5542847612e+02 3.1378477775e+02 8.1852047611e+01 


-2.7660900971e-01 1.1733681372e+00 2.2239281381e+00 2.1263838260e+00 9.4502238257e-01 
-5.8184426301e-02 1.5442975340e+00 2.1627766938e+00 1.4674122582e+00 -7.9401264770e-01 
-2.2657887683e-01 1.0935852311e+00 1.3541277604e+00 -9.5896793195e-01 4.3648262352e-01 
-3.7203214690e-01 7.7830576258e-01 1.0140860503e+00 -5.3828182686e-01 -3.8571302330e-01 
-3.4042203397e-01 8.2405110338e-01 4.7376146075e-01 8.8855502069e-01 3.3518049194e-01 
-2.4034839247e-01 1.0631577664e+00 5.3195821757e-01 1.2196209433e+00 -2.2931601555e-01 
-8.2989975282e-02 1.4941070155e+00 -1.0871389409e-01 -4.9190297876e-01 7.2671526806e-01 
-8.7882493811e-02 1.5268238736e+00 -6.0844418183e-01 -1.3853719944e+00 -7.6326150209e-01 
-6.5345786201e-02 1.9989156389e+00 2.7530055873e-01 -2.3843632524e-01 -1.9586178733e-01 
3.0368227500e-02 2.1010631319e+00 9.8753406164e-01 6.5542288728e-01 3.1286694107e-01 
3.8944003093e-01 1.3501689802e+00 2.2803506883e+00 8.9252298943e-01 5.2571001055e-01 
6.1987334451e-01 7.9010215841e-01 2.7765750908e+00 -2.8053753160e-01 -4.8508808625e-01 
8.7417391828e-01 1.6910140418e-01 6.3722968467e-01 1.3138885467e+00 1.0335898423e-01 
1.1822623206e+00 -4.3202692748e-01 -1.4692857768e-01 2.2162962993e+00 -3.0329831292e-02 
1.5446347095e+00 -1.3255837864e+00 -1.6617346402e+00 -8.9932401833e-01 8.0438404556e-01 
1.3662639591e+00 -1.4900884742e+00 -2.3243093666e+00 -1.7682386343e+00 -7.1685364074e-01 
1.3659521538e+00 -1.4895965209e+00 -2.3238129205e+00 -1.7680254116e+00 -7.1667790590e-01 
1.5445267987e+00 -1.3255459154e+00 -1.6616083704e+00 -8.9953795656e-01 8.0452724000e-01 
1.1821452956e+00 -4.3196923496e-01 -1.4693687828e-01 2.2159197760e+00 -3.0434203831e-02 
8.7404815993e-01 1.6916584089e-01 6.3725146786e-01 1.3136947538e+00 1.0338255737e-01 
6.1993100642e-01 7.9034974617e-01 2.7775495872e+00 -2.8055843758e-01 -4.8543097580e-01 
3.8979378284e-01 1.3499569339e+00 2.2805558758e+00 8.9255428306e-01 5.2586674665e-01 
2.9779768178e-02 2.1005143866e+00 9.8748052964e-01 6.5555609377e-01 3.1269571042e-01 
-6.5663252957e-02 1.9992669463e+00 2.7498277863e-01 -2.3884398993e-01 -1.9586498457e-01 
-8.8079324412e-02 1.5271997245e+00 -6.0846439482e-01 -1.3853375384e+00 -7.6353420741e-01 
-8.2278444992e-02 1.4945692106e+00 -1.0880396584e-01 -4.9215831796e-01 7.2668644973e-01 
-2.4019356752e-01 1.0634525753e+00 5.3245758692e-01 1.2200328612e+00 -2.2941630793e-01 
-3.3956353711e-01 8.2420295735e-01 4.7342110774e-01 8.8854635438e-01 3.3540779066e-01 
-3.7174787922e-01 7.7790207309e-01 1.0139836821e+00 -5.3782639674e-01 -3.8549456145e-01 
-2.2787415325e-01 1.0939970473e+00 1.3545293091e+00 -9.5817199120e-01 4.3651075458e-01 
-5.8516669820e-02 1.5432653931e+00 2.1625480323e+00 1.4675727906e+00 -7.9411902223e-01 
-2.7671519928e-01 1.1736684631e+00 2.2236813154e+00 2.1266581892e+00 9.4480771176e-01 


1.3722025512e+00 2.5656100744e+00 2.3301872901e+00 1.4029871677e+00 5.3967814738e-01 
1.5621869252e+00 2.4460835553e+00 1.8602462880e+00 1.0054561255e+00 -7.4585795985e-01 
1.2245775506e+00 1.5850584239e+00 6.9731103176e-01 -2.3638446830e+00 1.5192498172e-01 
9.1564384554e-01 1.0311975182e+00 3.2232340916e-03 -1.6956765293e+00 -2.5376193415e-01 
6.5684963362e-01 4.0379010625e-01 -3.1896104424e+00 5.1073708478e-01 5.1649561457e-01 
4.1916325608e-01 -1.9841582218e-01 -2.8026254902e+00 -6.6022138961e-01 -5.7125308785e-01 
3.7430170454e-02 -9.5636589140e-01 -1.5177470901e+00 -8.9919279800e-01 -2.6370955414e-01 
-6.1866510313e-02 -9.8156436453e-01 -8.1318519322e-01 -7.1422182735e-02 1.1840662318e-01 
-8.5563521595e-02 -1.9925717144e+00 1.1270526267e+00 1.5089835447e+00 7.4511764864e-01 
-8.6348250378e-02 -1.9883503682e+00 5.6572231969e-01 6.0266483664e-01 -7.0407394372e-01 
-2.8611042079e-01 -1.3696384785e+00 -3.5046044148e-01 -1.2392652828e+00 1.7889061025e-01 
-4.0222523399e-01 -1.0215460270e+00 -5.3354176430e-01 -8.4631728017e-01 -2.7034731203e-01 
-4.5905941921e-01 -9.0577594474e-01 -9.7038230858e-01 4.3541091009e-01 3.5462903216e-01 
-3.8780587816e-01 -9.9484190676e-01 -1.1305011358e+00 4.7158365155e-01 -3.6822723011e-01 
-2.4732406993e-01 -1.1769141014e+00 -1.5987925240e+00 -1.0523579042e+00 4.7137674031e-01 
-3.1047174372e-01 -1.0360200665e+00 -1.6115834792e+00 -1.4179466497e+00 -5.9488256579e-01 
3.1003484949e-01 1.0366645184e+00 1.6110213564e+00 1.4183743958e+00 5.9435200492e-01 
2.4737210103e-01 1.1755474154e+00 1.5984428892e+00 1.0520136466e+00 -4.7133134699e-01 
3.8801201828e-01 9.9480692003e-01 1.1302803834e+00 -4.7172780516e-01 3.6848674872e-01 
4.5869746238e-01 9.0558507817e-01 9.7120406433e-01 -4.3562126831e-01 -3.5467672518e-01 
4.0194984420e-01 1.0219077650e+00 5.3283563900e-01 8.4589188812e-01 2.7017622006e-01 
2.8580992048e-01 1.3702037346e+00 3.4915107600e-01 1.2390937473e+00 -1.7881892195e-01 
8.6724843518e-02 1.9876672121e+00 -5.6568849484e-01 -6.0279165373e-01 7.0358526591e-01 
8.5854991878e-02 1.9920513290e+00 -1.1269764862e+00 -1.5089700722e+00 -7.4499541502e-01 
6.1998943931e-02 9.8141942112e-01 8.1342451454e-01 7.1343480274e-02 -1.1838058572e-01 
-3.7743807738e-02 9.5631578244e-01 1.5176992516e+00 8.9922857914e-01 2.6354147073e-01 
-4.1924366507e-01 1.9817952363e-01 2.8017221895e+00 6.6030511863e-01 5.7089036764e-01 
-6.5721475242e-01 -4.0394633889e-01 3.1904897345e+00 -5.1104441319e-01 -5.1656488810e-01 
-9.1560756683e-01 -1.0311401114e+00 -3.2561620503e-03 1.6953755553e+00 2.5334457886e-01 
-1.2242714737e+00 -1.5851191705e+00 -6.9733784668e-01 2.3633389430e+00 -1.5182623996e-01 
-1.5624616513e+00 -2.4461950703e+00 -1.8602949063e+00 -1.0055189964e+00 7.4592148750e-01 
-1.3723474736e+00 -2.5657668946e+00 -2.3303602362e+00 -1.4026260186e+00 -5.3960187442e-01 


