-3.0587665444e-01 -5.9242013393e-01 -6.8112827053e-01 -5.6254927972e-01 -2.6223470583e-01 
-3.2348349437e-01 -6.0443213901e-01 -6.5375309530e-01 -4.9967541797e-01 2.6288134620e-01 
-2.6333377111e-01 -4.6401052764e-01 -4.7854016333e-01 5.1291313379e-01 -1.7652775858e-01 
-1.9377319230e-01 -3.0352602564e-01 -2.7851101833e-01 3.4010010079e-01 1.5259376427e-01 
-2.1652734692e-01 -4.0609554417e-01 4.9534262457e-01 -3.8596808034e-01 -1.9708852443e-01 
-1.6369975438e-01 -2.9281178711e-01 2.9346824446e-01 -1.4079115033e-01 1.7959171853e-01 
-1.1057670924e-01 -2.0647703247e-01 8.3968377602e-02 2.5668719704e-01 -2.6157569721e-02 
-3.9184139007e-02 -3.3439613777e-02 -1.6857451563e-01 -5.8551573222e-02 -6.8800368307e-03 
-2.5114505030e-01 2.7226168274e-01 -5.5876216508e-01 -4.4758204898e-01 -2.2440451458e-01 
-2.2641113505e-01 1.2467111744e-01 -3.5368898718e-01 -1.2893903368e-01 2.0423969052e-01 
-1.8681003804e-01 -5.3835856371e-02 -2.2088699342e-01 3.1330498040e-01 -7.7511870529e-03 
-1.0076371405e-01 -2.4756140355e-01 8.5537937989e-02 -5.3334419073e-02 -2.1772053514e-02 
-1.9181774397e-01 -1.6541974679e-02 2.6574262645e-01 -1.7132539604e-01 -6.7921959155e-02 
-1.0980786496e-01 -2.1984385188e-01 -3.1104260847e-02 1.8595819117e-01 3.7457999919e-02 
-3.2718187228e-02 -3.2887277820e-01 -2.0368135969e-01 -3.1937181369e-02 1.6164317146e-01 
2.7862096782e-02 -4.3806121200e-01 -4.5971557120e-01 -3.6333246890e-01 -1.8837871740e-01 
2.7793363923e-02 -4.3859128603e-01 -4.5991088217e-01 -3.6337835898e-01 -1.8836039303e-01 
-3.2620842490e-02 -3.2892612643e-01 -2.0396451047e-01 -3.2018541257e-02 1.6179492206e-01 
-1.0991872178e-01 -2.1976938848e-01 -3.0925585308e-02 1.8591260907e-01 3.7444355728e-02 
-1.9209395693e-01 -1.6577620963e-02 2.6560449755e-01 -1.7126406206e-01 -6.7862385847e-02 
-1.0085587559e-01 -2.4766608966e-01 8.5428803947e-02 -5.3432119367e-02 -2.1967978446e-02 
-1.8662243983e-01 -5.3965156711e-02 -2.2070509690e-01 3.1330243513e-01 -7.5780332194e-03 
-2.2637340686e-01 1.2478653752e-01 -3.5388132102e-01 -1.2884311933e-01 2.0422184278e-01 
-2.5095743618e-01 2.7204068327e-01 -5.5868445799e-01 -4.4789166126e-01 -2.2438357063e-01 
-3.9157188802e-02 -3.3598885145e-02 -1.6848354029e-01 -5.8583430213e-02 -6.9439284216e-03 
-1.1072734807e-01 -2.0653929170e-01 8.4047781043e-02 2.5679993860e-01 -2.6113364529e-02 
-1.6370932829e-01 -2.9287454125e-01 2.9348923520e-01 -1.4076869709e-01 1.7958468415e-01 
-2.1660848068e-01 -4.0613723647e-01 4.9535876770e-01 -3.8571389504e-01 -1.9700006022e-01 
-1.9374046902e-01 -3.0346517470e-01 -2.7860404251e-01 3.4028891238e-01 1.5259884107e-01 
-2.6339921968e-01 -4.6406104511e-01 -4.7848033955e-01 5.1273883085e-01 -1.7677474072e-01 
-3.2374344938e-01 -6.0455451984e-01 -6.5392548944e-01 -4.9982903572e-01 2.6298651600e-01 
-3.0608418987e-01 -5.9219633080e-01 -6.8093091778e-01 -5.6260934485e-01 -2.6231176140e-01 


-1.3740417459e-01 -1.7266459940e-01 -1.3307101517e-01 -5.5207131091e-02 1.7893766746e-02 
-2.0957869307e-01 -3.5601810584e-01 -4.1610381508e-01 -3.5426819761e-01 1.3628896122e-02 
-2.6393259747e-01 -4.6784808374e-01 -5.2933496492e-01 2.4187447995e-01 -1.7142553916e-01 
-3.2353195506e-01 -6.0229092653e-01 -7.1910111071e-01 5.1058682751e-01 1.9339806744e-01 
-2.3262838028e-01 -3.8623202285e-01 4.8942385520e-01 -3.2045625227e-01 -1.3976794256e-01 
-3.0086370408e-01 -5.4990477556e-01 7.1834058960e-01 -5.7628604856e-01 1.6190346732e-01 
-3.1925389275e-01 -6.2916172565e-01 7.0734425085e-01 4.3010402020e-01 -2.8385612713e-01 
-3.1024392164e-01 -6.3759639619e-01 7.5096291532e-01 5.8957763540e-01 2.8461301068e-01 
-1.8732228891e-01 5.5473556644e-01 -3.8855660909e-01 -3.5497509518e-01 -1.7102512550e-01 
-2.5041464453e-01 6.9050199868e-01 -5.8903105294e-01 -5.4449049971e-01 1.9437253893e-01 
-2.8597810908e-01 6.5543310480e-01 -7.0103057885e-01 4.7700581585e-01 -2.5949284320e-01 
-3.0017134704e-01 6.2582320788e-01 -7.2996553795e-01 5.5684384545e-01 2.5852969655e-01 
-3.2312254637e-01 5.5841729920e-01 6.2503170205e-01 -5.8418913325e-01 -2.5122551805e-01 
-3.5541446684e-01 5.8180911095e-01 6.8600555784e-01 -5.9192451072e-01 2.5744950589e-01 
-3.8410135155e-01 5.7477245371e-01 7.0737668265e-01 6.0877983949e-01 -2.5175825032e-01 
-3.3460448442e-01 4.6547468193e-01 5.7519996201e-01 5.0399999495e-01 2.3243724472e-01 
3.3436098431e-01 -4.6541601707e-01 -5.7493763051e-01 -5.0415427388e-01 -2.3227345344e-01 
3.8388955641e-01 -5.7472839730e-01 -7.0701017628e-01 -6.0853363113e-01 2.5180406412e-01 
3.5515956288e-01 -5.8154689676e-01 -6.8567725642e-01 5.9183568293e-01 -2.5712781463e-01 
3.2312571306e-01 -5.5826556981e-01 -6.2477700683e-01 5.8369084075e-01 2.5110156958e-01 
3.0013946918e-01 -6.2613100058e-01 7.3009450667e-01 -5.5724139405e-01 -2.5871731970e-01 
2.8573143453e-01 -6.5520674140e-01 7.0052078885e-01 -4.7727963836e-01 2.5961877167e-01 
2.5043547146e-01 -6.9058686154e-01 5.8902732981e-01 5.4492926371e-01 -1.9452780666e-01 
1.8705493538e-01 -5.5488239852e-01 3.8840223438e-01 3.5521162318e-01 1.7112664147e-01 
3.1024674327e-01 6.3768343851e-01 -7.5149041393e-01 -5.8971201943e-01 -2.8472730817e-01 
3.1925885648e-01 6.2877111145e-01 -7.0710372364e-01 -4.3035326759e-01 2.8376155584e-01 
3.0094106382e-01 5.4999647168e-01 -7.1855042396e-01 5.7637624918e-01 -1.6198875062e-01 
2.3257985372e-01 3.8590634278e-01 -4.8914765124e-01 3.2048757776e-01 1.3971631274e-01 
3.2360596826e-01 6.0221263402e-01 7.1919364432e-01 -5.1047074911e-01 -1.9332298053e-01 
2.6408998536e-01 4.6779907496e-01 5.2945156972e-01 -2.4237735700e-01 1.7153776649e-01 
2.0984541490e-01 3.5640652198e-01 4.1609958734e-01 3.5452934408e-01 -1.3656062032e-02 
1.3750367889e-01 1.7291984183e-01 1.3311751813e-01 5.5000572534e-02 -1.7947102959e-02 


-1.0632058166e+00 -8.2879074768e-01 -5.8507098420e-01 -3.4357975701e-01 -1.2012945268e-01 
-1.0782906093e+00 -8.5686216747e-01 -6.1471854113e-01 -3.6591241816e-01 1.2019656505e-01 
-1.0817602292e+00 -8.6022542947e-01 -6.1421728134e-01 3.4357966639e-01 -1.3038399106e-01 
-1.0740640316e+00 -8.4130642848e-01 -5.8880651730e-01 3.6599097231e-01 1.3044205483e-01 
-1.0741433285e+00 -8.4035879076e-01 5.8502802588e-01 -3.3860359746e-01 -1.1553775766e-01 
-1.0783103308e+00 -8.5151869101e-01 6.1471185692e-01 -3.3838326539e-01 1.1561923947e-01 
-1.0713059859e+00 -8.3896376212e-01 6.1426770182e-01 3.3867705334e-01 -1.1574089509e-01 
-1.0575287213e+00 -8.0937113373e-01 5.8871572129e-01 3.3830787163e-01 1.1563873406e-01 
-1.0574582093e+00 8.2877463981e-01 -5.6139430814e-01 -3.1810579750e-01 -1.0781556441e-01 
-1.0712934703e+00 8.5697355176e-01 -5.8733643508e-01 -3.2736971569e-01 1.0785390554e-01 
-1.0782805765e+00 8.6032804290e-01 -5.8685894073e-01 3.1825992419e-01 -1.1242620883e-01 
-1.0741820259e+00 8.4129330647e-01 -5.5869179078e-01 3.2730512277e-01 1.1236470910e-01 
-1.0741046606e+00 8.4042130758e-01 5.6147903830e-01 -3.3713914413e-01 -1.1804030980e-01 
-1.0817563604e+00 8.5146740965e-01 5.8729571098e-01 -3.1889267679e-01 1.1803023113e-01 
-1.0782930187e+00 8.3895230429e-01 5.8685663479e-01 3.3716111221e-01 -1.0885404348e-01 
-1.0630675503e+00 8.0939110082e-01 5.5874156064e-01 3.1889312671e-01 1.0882986199e-01 
1.0631138274e+00 -8.0940040883e-01 -5.5868538877e-01 -3.1888109187e-01 -1.0880206651e-01 
1.0783115110e+00 -8.3902466029e-01 -5.8690190670e-01 -3.3715060669e-01 1.0889957858e-01 
1.0818026944e+00 -8.5146383993e-01 -5.8731212185e-01 3.1893035252e-01 -1.1796155961e-01 
1.0740776014e+00 -8.4045635048e-01 -5.6142414900e-01 3.3708277758e-01 1.1800257272e-01 
1.0741472283e+00 -8.4128040149e-01 5.5868370018e-01 -3.2739393076e-01 -1.1240386971e-01 
1.0783403976e+00 -8.6034750195e-01 5.8688694399e-01 -3.1825529118e-01 1.1244879374e-01 
1.0712830286e+00 -8.5695541001e-01 5.8735232657e-01 3.2738792226e-01 -1.0784982044e-01 
1.0575420210e+00 -8.2876411997e-01 5.6143566043e-01 3.1814983963e-01 1.0781287690e-01 
1.0575475078e+00 8.0934516348e-01 -5.8873479074e-01 -3.3826687373e-01 -1.1564734927e-01 
1.0712722607e+00 8.3894396626e-01 -6.1431113034e-01 -3.3869235761e-01 1.1572813294e-01 
1.0783046518e+00 8.5147639609e-01 -6.1476199486e-01 3.3841125225e-01 -1.1561505151e-01 
1.0741229998e+00 8.4035691169e-01 -5.8500046327e-01 3.3853360292e-01 1.1552590689e-01 
1.0740195580e+00 8.4130002900e-01 5.8876494050e-01 -3.6595595602e-01 -1.3044627149e-01 
1.0817554214e+00 8.6023653382e-01 6.1422025838e-01 -3.4351462363e-01 1.3043519018e-01 
1.0782438660e+00 8.5681905975e-01 6.1471379442e-01 3.6589877271e-01 -1.2021025289e-01 
1.0631942953e+00 8.2885907820e-01 5.8513183284e-01 3.4362313273e-01 1.2015307408e-01 


1.0641240531e+03 2.7353124876e+03 3.4236139698e+03 2.4882636900e+03 7.4986645455e+02 
1.0360101774e+03 2.5537530721e+03 2.9953131760e+03 1.9530075845e+03 7.4956859670e+02 
9.8958497604e+02 2.3106094059e+03 2.5674201279e+03 2.4884185713e+03 6.2476613009e+02 
9.5768174130e+02 2.1562571277e+03 2.3654782375e+03 1.9549290297e+03 6.2513430459e+02 
9.4333343645e+02 2.0978864578e+03 3.4224532148e+03 1.9086870526e+03 6.5258210213e+02 
9.3868689794e+02 2.1222328231e+03 2.9934317753e+03 1.9465608922e+03 6.5357752871e+02 
9.2006378282e+02 2.1261549953e+03 2.5667256773e+03 1.9093399686e+03 6.6188324226e+02 
9.0104386907e+02 2.1025210657e+03 2.3646396979e+03 1.9460332614e+03 6.6072580338e+02 
9.0237755934e+02 2.7342612767e+03 2.5528227054e+03 2.0863092272e+03 6.8567283285e+02 
9.2015950062e+02 2.5555589448e+03 2.6304549128e+03 1.9339002827e+03 6.8536299077e+02 
9.3940950488e+02 2.3115416733e+03 2.7868659660e+03 2.0874511831e+03 6.4843059886e+02 
9.4332491702e+02 2.1560412146e+03 2.9334174050e+03 1.9335442207e+03 6.4793132676e+02 
9.5707864193e+02 2.0977932493e+03 2.5522701725e+03 1.9506133277e+03 6.3797612467e+02 
9.9038911833e+02 2.1235622428e+03 2.6312321985e+03 2.2906423899e+03 6.3785138494e+02 
1.0377344198e+03 2.1256119788e+03 2.7852808959e+03 1.9521592397e+03 7.1982749781e+02 
1.0657633871e+03 2.1017669375e+03 2.9313642360e+03 2.2895860426e+03 7.2011167323e+02 
1.0647863542e+03 2.1023028922e+03 2.9307812436e+03 2.2907461369e+03 7.1987140567e+02 
1.0365417420e+03 2.1241984006e+03 2.7839676800e+03 1.9511748256e+03 7.2052177049e+02 
9.9006233109e+02 2.1228357564e+03 2.6297658982e+03 2.2905510327e+03 6.3675746749e+02 
9.5794987117e+02 2.0975679319e+03 2.5515062434e+03 1.9492322869e+03 6.3717663178e+02 
9.4351500864e+02 2.1575683894e+03 2.9345230344e+03 1.9352749960e+03 6.4849550879e+02 
9.3857521177e+02 2.3109983033e+03 2.7854701390e+03 2.0885630857e+03 6.4905930578e+02 
9.2028347208e+02 2.5562187874e+03 2.6312518157e+03 1.9342675158e+03 6.8542661525e+02 
9.0103123180e+02 2.7347623547e+03 2.5520370371e+03 2.0875798071e+03 6.8559898945e+02 
9.0113746640e+02 2.1034879808e+03 2.3652931630e+03 1.9456927967e+03 6.6076487250e+02 
9.2132332768e+02 2.1256073644e+03 2.5667479338e+03 1.9098615638e+03 6.6174037153e+02 
9.3939464229e+02 2.1233162274e+03 2.9955889120e+03 1.9465426916e+03 6.5351470069e+02 
9.4311276091e+02 2.0972137056e+03 3.4233933105e+03 1.9079070112e+03 6.5244801070e+02 
9.5813003825e+02 2.1562103944e+03 2.3659554926e+03 1.9549846722e+03 6.2529932899e+02 
9.9002616102e+02 2.3099945925e+03 2.5664065189e+03 2.4869847559e+03 6.2514662526e+02 
1.0373866854e+03 2.5533789305e+03 2.9932825546e+03 1.9536408561e+03 7.5003880617e+02 
1.0638144689e+03 2.7324854876e+03 3.4207901920e+03 2.4870661612e+03 7.4929963458e+02 


-3.8070761579e-01 3.4998129771e-02 3.1165767207e-01 3.4428550047e-01 1.5623156436e-01 
-3.4492557265e-01 1.3886172222e-01 4.4130279948e-01 4.3893572464e-01 -9.1541305012e-02 
-2.8790069742e-01 2.7662653716e-01 6.3476484308e-01 1.1187056267e-01 2.3533298092e-01 
-2.4566181593e-01 3.6894057342e-01 7.8396418278e-01 -1.2003948481e-01 -2.0956562765e-01 
-1.9855287050e-01 4.8385257776e-01 7.1557105767e-01 4.3373071359e-01 8.6713692017e-02 
-1.0760560672e-01 7.1317939201e-01 4.3469212900e-01 8.5199382820e-01 -4.8611812127e-02 
2.1850636986e-02 1.0307895962e+00 -8.7728169443e-02 -2.2928588466e-01 4.1696074392e-01 
8.2959860564e-02 1.1868328346e+00 -4.5419856398e-01 -7.6518794478e-01 -4.0692407082e-01 
-3.3309285060e-02 1.1867660582e+00 1.0700791445e-01 -1.9556981597e-01 -1.4986127079e-01 
5.4227177584e-02 9.8831353423e-01 5.3441296869e-01 3.3928892714e-01 1.9097976614e-01 
2.2187373419e-01 5.8875068599e-01 1.1793766105e+00 4.5627301828e-01 2.4445125149e-01 
3.4016104155e-01 3.0145628819e-01 1.5722206097e+00 -1.4197163116e-01 -2.1993008158e-01 
4.1767765988e-01 1.0599233749e-01 3.8624247812e-01 5.8758367895e-01 3.0209864716e-02 
5.4744551278e-01 -1.9418412498e-01 -5.9624276895e-02 1.1375643940e+00 4.9286032751e-04 
7.1764362239e-01 -6.1325394047e-01 -7.4683567715e-01 -3.7851779026e-01 4.2650968193e-01 
7.8940355212e-01 -8.3116987112e-01 -1.1734589297e+00 -9.1724348240e-01 -3.9060792994e-01 
7.8933318359e-01 -8.3168427137e-01 -1.1737685817e+00 -9.1731019533e-01 -3.9061629559e-01 
7.1774288655e-01 -6.1318555464e-01 -7.4702888711e-01 -3.7861574976e-01 4.2667454195e-01 
5.4736950987e-01 -1.9411297865e-01 -5.9427065731e-02 1.1375770497e+00 4.7296049951e-04 
4.1737469939e-01 1.0597729772e-01 3.8606452667e-01 5.8754163433e-01 3.0223004700e-02 
3.3999498299e-01 3.0135768566e-01 1.5720880483e+00 -1.4212876715e-01 -2.2017974624e-01 
2.2220693125e-01 5.8860931917e-01 1.1796502383e+00 4.5627468697e-01 2.4468352733e-01 
5.4231914343e-02 9.8844933287e-01 5.3428640050e-01 3.3945691688e-01 1.9097125046e-01 
-3.2852072073e-02 1.1865583592e+00 1.0726090355e-01 -1.9569547422e-01 -1.4984978703e-01 
8.3058721853e-02 1.1865663444e+00 -4.5414618400e-01 -7.6511619859e-01 -4.0701480525e-01 
2.1558781109e-02 1.0306377718e+00 -8.7740248950e-02 -2.2921456498e-01 4.1695211502e-01 
-1.0764354237e-01 7.1288759967e-01 4.3459272387e-01 8.5216158993e-01 -4.8602088713e-02 
-1.9873787067e-01 4.8380043815e-01 7.1565523974e-01 4.3360250113e-01 8.6742109474e-02 
-2.4588061763e-01 3.6896092731e-01 7.8361891894e-01 -1.1972576327e-01 -2.0957987318e-01 
-2.8799412791e-01 2.7664901805e-01 6.3484362946e-01 1.1192506224e-01 2.3536483839e-01 
-3.4545224384e-01 1.3845255454e-01 4.4109878288e-01 4.3869982005e-01 -9.1495097586e-02 
-3.8097824233e-01 3.5663497564e-02 3.1225319445e-01 3.4448527700e-01 1.5627634737e-01 


6.9237974459e-01 1.6431625520e+00 1.7641944910e+00 1.2889479105e+00 5.2954696553e-01 
6.3048518655e-01 1.4308309209e+00 1.3798851150e+00 8.1010255510e-01 -5.4469310437e-01 
4.6751907042e-01 1.0173213787e+00 7.5160506675e-01 -1.3291969910e+00 1.8600714473e-01 
3.4157764768e-01 7.3531340009e-01 3.5721216221e-01 -9.1287327155e-01 -2.1479213960e-01 
2.7853655747e-01 5.7535185452e-01 -1.6403481375e+00 5.4470711908e-01 3.2893613818e-01 
1.9311971247e-01 3.6530545954e-01 -1.3803834782e+00 1.1553868885e-01 -3.3683310319e-01 
7.2745615434e-02 9.9947862187e-02 -9.8138513210e-01 -6.5866668789e-01 6.0709166974e-02 
8.9206409037e-03 -1.7596150036e-02 -7.3362851995e-01 -3.9210207917e-01 -1.0819927432e-01 
7.5389186493e-02 -1.1347379945e+00 8.9631233999e-01 8.6790265564e-01 3.9527805620e-01 
5.3517159842e-02 -1.0419325343e+00 6.9366296855e-01 5.5853131467e-01 -3.7690692302e-01 
-3.1767928676e-03 -8.7532262608e-01 4.2371800450e-01 -7.6437035828e-01 2.0728713914e-01 
-4.0558853679e-02 -7.6692721494e-01 3.0155719685e-01 -6.3771201443e-01 -2.3316616459e-01 
-5.1526234455e-02 -7.4647289114e-01 -8.1762923943e-01 5.3305255896e-01 2.6237384101e-01 
-3.3507812870e-02 -7.7760969122e-01 -8.7359311412e-01 5.2354731240e-01 -2.6406338618e-01 
-5.7697725561e-03 -8.3283349675e-01 -1.0045612974e+00 -6.9675172131e-01 3.1058796402e-01 
2.6024636773e-03 -8.4572405225e-01 -1.0878729012e+00 -8.5357930596e-01 -3.5520406461e-01 
-3.0911077749e-03 8.4584277182e-01 1.0877548006e+00 8.5334544345e-01 3.5519382601e-01 
5.4548280931e-03 8.3335601844e-01 1.0052388872e+00 6.9692780609e-01 -3.1081825058e-01 
3.2967280676e-02 7.7784764499e-01 8.7403383541e-01 -5.2385730365e-01 2.6391407400e-01 
5.1697501931e-02 7.4685938256e-01 8.1751610278e-01 -5.3320910315e-01 -2.6224405626e-01 
4.0749016856e-02 7.6653847189e-01 -3.0138506358e-01 6.3792817228e-01 2.3325344912e-01 
2.5464818621e-03 8.7566923162e-01 -4.2437961451e-01 7.6406559262e-01 -2.0730958424e-01 
-5.3433184446e-02 1.0417485325e+00 -6.9375314459e-01 -5.5819924249e-01 3.7672574927e-01 
-7.6146072902e-02 1.1345370449e+00 -8.9668972702e-01 -8.6792186878e-01 -3.9516045738e-01 
-9.0220501872e-03 1.7798763499e-02 7.3321459894e-01 3.9170625401e-01 1.0813727475e-01 
-7.2553881323e-02 -1.0025071866e-01 9.8187937300e-01 6.5851165898e-01 -6.0737027147e-02 
-1.9301327157e-01 -3.6503735158e-01 1.3804261238e+00 -1.1556558559e-01 3.3672518367e-01 
-2.7848568771e-01 -5.7566998552e-01 1.6404951523e+00 -5.4438966497e-01 -3.2893297472e-01 
-3.4133101374e-01 -7.3537148967e-01 -3.5700458319e-01 9.1283914813e-01 2.1488490095e-01 
-4.6734444900e-01 -1.0174016933e+00 -7.5149574557e-01 1.3284364899e+00 -1.8605608779e-01 
-6.3008990029e-01 -1.4303569051e+00 -1.3798815875e+00 -8.0981697923e-01 5.4470814242e-01 
-6.9225006171e-01 -1.6430382911e+00 -1.7642423969e+00 -1.2892254993e+00 -5.2965052070e-01 


