-4.2405008950e-01 -5.7796038219e-01 -3.5840374902e-01 
-3.1430204365e-01 -2.8685602034e-01 2.8795445384e-01 
-2.9093390901e-01 1.9786067310e-01 -8.4414541786e-02 
-6.4177367840e-02 -2.7653846473e-01 -3.1813442389e-02 
-6.4411382792e-02 -2.7647350755e-01 -3.1756514250e-02 
-2.9120744682e-01 1.9842853951e-01 -8.4352793499e-02 
-3.1423327379e-01 -2.8685462752e-01 2.8750837342e-01 
-4.2428941811e-01 -5.7755425705e-01 -3.5826732722e-01 


-1.6885219456e-01 -2.6822511524e-01 -1.6994305403e-01 
-3.6444357423e-01 -6.4323259540e-01 2.7363620837e-01 
-3.8202518372e-01 6.0436687569e-01 -3.7910406413e-01 
-4.5149283354e-01 6.4728995267e-01 3.8723538203e-01 
4.5163626987e-01 -6.4734114144e-01 -3.8735973367e-01 
3.8239329937e-01 -6.0481756335e-01 3.7894747333e-01 
3.6459716995e-01 6.4333169892e-01 -2.7405890914e-01 
1.6895296562e-01 2.6831759667e-01 1.7005628058e-01 


-1.3333692653e+00 -8.1815441947e-01 -3.1689772727e-01 
-1.3627298697e+00 -8.2244853818e-01 3.1704078518e-01 
-1.3628221273e+00 8.1810214301e-01 -2.9947184508e-01 
-1.3332452796e+00 8.2245803377e-01 2.9945287642e-01 
1.3331803212e+00 -8.2251295277e-01 -2.9947488169e-01 
1.3627148875e+00 -8.1831928996e-01 2.9942984512e-01 
1.3627398059e+00 8.2238628452e-01 -3.1690315553e-01 
1.3332301903e+00 8.1814532474e-01 3.1682654397e-01 


4.1497720893e+01 6.6211690541e+01 3.0520656347e+01 
3.9022778249e+01 5.4956547668e+01 3.0526279638e+01 
3.8996162447e+01 6.6145500763e+01 2.7944743472e+01 
4.1493901073e+01 5.4974379134e+01 2.7959764757e+01 
4.1522200005e+01 5.4966116217e+01 2.7967716549e+01 
3.9009887271e+01 6.6161787503e+01 2.7945580132e+01 
3.8988582776e+01 5.4951704369e+01 3.0489009064e+01 
4.1511206099e+01 6.6193590029e+01 3.0501164242e+01 


-6.0014119827e-01 -3.6475349174e-02 7.6451613177e-02 
-3.8834296727e-01 4.1606366517e-01 9.2334000811e-02 
1.4426988905e-01 6.6296451486e-01 4.1909011633e-01 
5.5110619808e-01 -2.7188084314e-01 -3.7577970707e-01 
5.5079966756e-01 -2.7182606783e-01 -3.7573502400e-01 
1.4380976457e-01 6.6341382377e-01 4.1905995545e-01 
-3.8824180025e-01 4.1584776246e-01 9.2167509629e-02 
-6.0084255867e-01 -3.6104475674e-02 7.6343815477e-02 


4.2172043806e-01 8.7608849743e-01 5.2921767693e-01 
6.4557820571e-02 1.5797139489e-02 -5.2658861764e-01 
-3.6555018628e-01 -5.7290408630e-01 8.5678382835e-02 
-4.8412168670e-01 -3.1627743916e-01 -2.0532582129e-01 
4.8446526165e-01 3.1642899043e-01 2.0529037630e-01 
3.6626802851e-01 5.7315504987e-01 -8.5700875578e-02 
-6.4428567940e-02 -1.5593878964e-02 5.2581201619e-01 
-4.2134340348e-01 -8.7598447801e-01 -5.2900654630e-01 


