-4.8393703342e-01 -6.6458299096e-01 -4.2186725450e-01 
-3.8238476470e-01 -3.7032473898e-01 3.4843083824e-01 
-3.4702926131e-01 2.3989259224e-01 -1.0982044685e-01 
-8.3025272014e-02 -3.1489882209e-01 -3.4383966654e-02 
-8.3017965818e-02 -3.1475624801e-01 -3.4350704298e-02 
-3.4710368999e-01 2.4016900073e-01 -1.0983985955e-01 
-3.8245204220e-01 -3.7066090254e-01 3.4804595884e-01 
-4.8398569318e-01 -6.6468259086e-01 -4.2165951627e-01 


-1.4034037850e-01 -2.2170103152e-01 -1.3530954130e-01 
-3.7823494821e-01 -6.9204305295e-01 2.7479960205e-01 
-4.0987158659e-01 6.5799783825e-01 -4.2142367662e-01 
-4.9626355756e-01 7.1769290007e-01 4.3394553135e-01 
4.9671035638e-01 -7.1812868482e-01 -4.3424610962e-01 
4.0965195408e-01 -6.5864570476e-01 4.2144547711e-01 
3.7827592572e-01 6.9194683235e-01 -2.7495417971e-01 
1.4033189578e-01 2.2171593312e-01 1.3550469554e-01 


-1.4539408754e+00 -8.9803211095e-01 -3.5625439398e-01 
-1.4942999402e+00 -9.0391196416e-01 3.5632369419e-01 
-1.4943127358e+00 8.9815483090e-01 -3.3246719558e-01 
-1.4539472891e+00 9.0407338893e-01 3.3235591742e-01 
1.4539643243e+00 -9.0407891831e-01 -3.3246420627e-01 
1.4943999869e+00 -8.9811630318e-01 3.3248568978e-01 
1.4943073680e+00 9.0407095922e-01 -3.5622388345e-01 
1.4539452735e+00 8.9807694029e-01 3.5616142405e-01 


5.2018831007e+01 8.3655058411e+01 3.8641785870e+01 
4.7862867569e+01 6.6203625006e+01 3.8641737504e+01 
4.7833026411e+01 8.3612936031e+01 3.4420310202e+01 
5.1984327797e+01 6.6160070141e+01 3.4413603195e+01 
5.2018293810e+01 6.6196374992e+01 3.4442194672e+01 
4.7825133541e+01 8.3615379213e+01 3.4445008107e+01 
4.7858166957e+01 6.6187316924e+01 3.8603898318e+01 
5.2029089500e+01 8.3646824099e+01 3.8625023070e+01 


-6.6361566755e-01 2.4071459025e-02 1.3984033497e-01 
-4.5988754785e-01 4.3595286519e-01 7.8644186222e-02 
1.4658060539e-01 7.7069908253e-01 4.8508743825e-01 
6.1629515306e-01 -3.0937685853e-01 -4.4197950011e-01 
6.1632170815e-01 -3.0923537735e-01 -4.4200978597e-01 
1.4666352220e-01 7.7099626839e-01 4.8511087698e-01 
-4.5992965007e-01 4.3617987958e-01 7.8460350122e-02 
-6.6364949195e-01 2.4147482972e-02 1.3972952444e-01 


5.4268222388e-01 1.0057702246e+00 6.0097368672e-01 
1.1085926072e-01 -5.0276733410e-02 -6.1131629278e-01 
-4.4973126999e-01 -6.4586866535e-01 5.2477081620e-02 
-5.9506520028e-01 -3.1337118184e-01 -2.0772879189e-01 
5.9546359851e-01 3.1295494355e-01 2.0785575686e-01 
4.4924579595e-01 6.4510484081e-01 -5.2509757977e-02 
-1.1083394289e-01 4.9985868660e-02 6.1093210447e-01 
-5.4269788923e-01 -1.0057896048e+00 -6.0069561142e-01 


