-3.4530961065e-01 -5.8974844485e-01 -5.6761466746e-01 -3.0299256423e-01 
-3.2564811888e-01 -4.9487749941e-01 -4.0024771098e-01 2.8731273650e-01 
-2.3932543875e-01 -3.5598682688e-01 4.1094006551e-01 -1.3925052729e-01 
-1.2045773860e-01 -1.1496678056e-01 8.9076574104e-02 8.9090411428e-02 
-2.7848127154e-01 2.3782363690e-01 -3.8143700942e-01 -1.7402155774e-01 
-1.8804156966e-01 -4.8767754955e-02 -3.9051019692e-03 1.3037810855e-01 
-1.3009880287e-01 -1.6638108421e-01 1.3018269306e-01 7.4736444607e-02 
-6.0672501777e-03 -4.0687315805e-01 -2.8339845563e-01 -1.2839216076e-01 
-5.8649368982e-03 -4.0673538325e-01 -2.8317943385e-01 -1.2849559700e-01 
-1.2981988882e-01 -1.6665919769e-01 1.3029558166e-01 7.4538783691e-02 
-1.8780075918e-01 -4.8948929514e-02 -3.9810402784e-03 1.3037020990e-01 
-2.7877906203e-01 2.3781410704e-01 -3.8170672180e-01 -1.7397051018e-01 
-1.2034199590e-01 -1.1485913582e-01 8.9086938221e-02 8.9107787529e-02 
-2.3884081332e-01 -3.5574104044e-01 4.1007268715e-01 -1.3910126203e-01 
-3.2585853353e-01 -4.9541196434e-01 -4.0058832281e-01 2.8726290329e-01 
-3.4512627574e-01 -5.8987472272e-01 -5.6752155312e-01 -3.0297075249e-01 


-1.5721970529e-01 -2.1607829233e-01 -1.8506500014e-01 -6.1804267886e-02 
-2.7500084827e-01 -4.9078859286e-01 -5.2548636033e-01 1.1590597092e-01 
-3.0242927248e-01 -5.3346004227e-01 4.3522572646e-01 -2.6046508746e-01 
-3.5520951295e-01 -6.6519470830e-01 6.5432380415e-01 2.8147631702e-01 
-2.5106941597e-01 5.8166069010e-01 -4.4785922035e-01 -2.4213815289e-01 
-3.3547179355e-01 6.9462984079e-01 -6.2554209442e-01 2.6798685023e-01 
-4.0550552448e-01 6.1764396186e-01 5.7319068173e-01 -3.2587241074e-01 
-3.7914032078e-01 5.3833639444e-01 5.5873922446e-01 3.0849616398e-01 
3.7886625550e-01 -5.3858319827e-01 -5.5870397137e-01 -3.0850424829e-01 
4.0479535216e-01 -6.1777805954e-01 -5.7329587509e-01 3.2543794362e-01 
3.3536255282e-01 -6.9509337715e-01 6.2561790711e-01 -2.6807784985e-01 
2.5110562100e-01 -5.8145815376e-01 4.4807853853e-01 2.4199032536e-01 
3.5549551054e-01 6.6541421145e-01 -6.5467764880e-01 -2.8163179385e-01 
3.0208997066e-01 5.3293190186e-01 -4.3449179312e-01 2.6067839394e-01 
2.7519864786e-01 4.9089097921e-01 5.2574255579e-01 -1.1590323785e-01 
1.5684005617e-01 2.1559460336e-01 1.8486024005e-01 6.1707032183e-02 


-1.1584120028e+00 -8.2974391872e-01 -4.9786515268e-01 -1.8170447182e-01 
-1.1787251834e+00 -8.5783318696e-01 -5.1410602881e-01 1.8179725435e-01 
-1.1806361671e+00 -8.5208647173e-01 4.9796637227e-01 -1.8258556056e-01 
-1.1656390613e+00 -8.1908104887e-01 5.1417136345e-01 1.8256431280e-01 
-1.1656550083e+00 8.2974167523e-01 -4.8213169576e-01 -1.6857092665e-01 
-1.1806047206e+00 8.5795304873e-01 -4.7543136796e-01 1.6859668628e-01 
-1.1786877782e+00 8.5217675144e-01 4.8217092000e-01 -1.6781355932e-01 
-1.1584270978e+00 8.1911796405e-01 4.7545305103e-01 1.6774162331e-01 
1.1584510098e+00 -8.1902046013e-01 -4.7542051167e-01 -1.6774136711e-01 
1.1787659344e+00 -8.5207653073e-01 -4.8211945915e-01 1.6771150946e-01 
1.1806724051e+00 -8.5800356527e-01 4.7545291466e-01 -1.6860902243e-01 
1.1655973619e+00 -8.2972687318e-01 4.8218677811e-01 1.6853706801e-01 
1.1656481497e+00 8.1907158045e-01 -5.1415018594e-01 -1.8260500990e-01 
1.1806959880e+00 8.5206869299e-01 -4.9786123162e-01 1.8262950603e-01 
1.1787072872e+00 8.5788135752e-01 5.1408353701e-01 -1.8177375136e-01 
1.1585117496e+00 8.2972703062e-01 4.9791250701e-01 1.8174633172e-01 


1.2388289891e+03 2.6693934287e+03 2.5091556587e+03 8.8503667612e+02 
1.1919097214e+03 2.3966993827e+03 2.0073146290e+03 8.8538309327e+02 
1.1337017035e+03 2.1737633747e+03 2.5100385601e+03 7.6806416133e+02 
1.0969979148e+03 2.1083791249e+03 2.0073807319e+03 7.6737661819e+02 
1.0975755759e+03 2.6713581554e+03 2.0388646439e+03 7.9468866859e+02 
1.1333772889e+03 2.3970750749e+03 2.2159795318e+03 7.9412463670e+02 
1.1927730902e+03 2.1713138804e+03 2.0365010137e+03 8.3794426183e+02 
1.2391175314e+03 2.1075641027e+03 2.2174430185e+03 8.3733064031e+02 
1.2384968623e+03 2.1079371696e+03 2.2165718014e+03 8.3701437781e+02 
1.1908162360e+03 2.1730021036e+03 2.0384252754e+03 8.3635533896e+02 
1.1332246220e+03 2.3976209835e+03 2.2160281958e+03 7.9438776703e+02 
1.0981461229e+03 2.6702460896e+03 2.0397769491e+03 7.9427370949e+02 
1.0973319913e+03 2.1081063733e+03 2.0081480627e+03 7.6817688775e+02 
1.1321278390e+03 2.1724795370e+03 2.5075639747e+03 7.6811949562e+02 
1.1922361629e+03 2.3972771957e+03 2.0076693213e+03 8.8518403111e+02 
1.2377221711e+03 2.6695307890e+03 2.5098449134e+03 8.8498110075e+02 


-4.6816419748e-01 -2.1089970735e-02 1.8897065707e-01 1.1208511721e-01 
-3.9163705549e-01 1.6965574982e-01 4.1176562409e-01 -1.0762833687e-02 
-2.2714191517e-01 5.4690447455e-01 3.9661746593e-01 2.9866759754e-01 
-9.6233408292e-02 8.4253043984e-01 -9.7207776110e-02 -2.7160193019e-01 
4.2170637081e-02 9.7383681087e-01 3.3224819165e-01 -2.3300321625e-02 
2.3779816249e-01 5.5056326041e-01 1.0219253424e+00 7.6737263037e-02 
5.4144996918e-01 -1.6281952663e-01 -7.7323682962e-02 4.7307461456e-01 
7.0925641732e-01 -6.1604980184e-01 -8.2635513567e-01 -4.3071563336e-01 
7.0947438944e-01 -6.1597434983e-01 -8.2615923650e-01 -4.3081910137e-01 
5.4180529120e-01 -1.6314089098e-01 -7.7229906793e-02 4.7274301403e-01 
2.3818224050e-01 5.5035526803e-01 1.0219083294e+00 7.6712774507e-02 
4.1735209487e-02 9.7383882052e-01 3.3215144433e-01 -2.3343734060e-02 
-9.6083449370e-02 8.4260007588e-01 -9.7153284475e-02 -2.7170451210e-01 
-2.2640803671e-01 5.4707033649e-01 3.9597534927e-01 2.9899642275e-01 
-3.9192981679e-01 1.6937509558e-01 4.1131342661e-01 -1.0736859531e-02 
-4.6753836179e-01 -2.1304523485e-02 1.8930393219e-01 1.1228778247e-01 


5.6980245051e-01 1.3018881639e+00 1.1773722635e+00 5.4950834578e-01 
4.2444402415e-01 8.7623188141e-01 5.3377407118e-01 -5.6062529061e-01 
1.6309593623e-01 2.6105855564e-01 -1.1235123783e+00 1.2441568753e-01 
4.0371169340e-03 -5.6493269427e-02 -6.6759915673e-01 -1.7642688385e-01 
-8.7129017620e-02 -8.6258785051e-01 4.6833379758e-01 3.2397346090e-01 
-1.4730085101e-01 -7.0274237434e-01 1.8081849883e-01 -3.1552535323e-01 
-1.9940011912e-01 -5.8552272681e-01 -5.6969375946e-01 2.1552444793e-01 
-2.0024352571e-01 -5.7700511415e-01 -6.2785869338e-01 -2.9144352193e-01 
1.9986580422e-01 5.7624549467e-01 6.2771194741e-01 2.9143406629e-01 
1.9832835347e-01 5.8485800126e-01 5.6930524071e-01 -2.1545888483e-01 
1.4686183674e-01 7.0251620592e-01 -1.8083473952e-01 3.1550037403e-01 
8.7437869697e-02 8.6272652769e-01 -4.6835334161e-01 -3.2395539616e-01 
-3.7877851105e-03 5.6742135332e-02 6.6715541632e-01 1.7645126208e-01 
-1.6366246122e-01 -2.6153499817e-01 1.1238441582e+00 -1.2435059561e-01 
-4.2419723750e-01 -8.7622615411e-01 -5.3347605666e-01 5.6055823630e-01 
-5.7042746596e-01 -1.3023419838e+00 -1.1776518696e+00 -5.4968603998e-01 


