-7.6285486643e-01
-1.6446025384e-01
-2.0841411613e+00
1.2760809249e+04
-9.6455418390e-01
1.0321704931e+00
0
-8.6986565644e-01
2.3935418912e-01
-1.4089968269e+00
2.6797822461e+04
9.8828453357e-01
1.3224294632e+00
0
-3.3880082109e-01
4.6078406141e-01
-7.7206418089e-01
1.1031311951e+04
1.2308343959e+00
5.7284649369e-01
0
-9.5582732063e-01
-2.0309387270e-01
-2.3528265094e+00
6.4141352932e+03
-9.6654414965e-01
7.2886859559e-01
0
-1.1484942753e+00
-5.4915386054e-01
-1.4598742325e+00
8.0159715284e+03
9.3224154401e-02
-3.9693918626e-01
0
5.6437529400e-01
-9.5076929129e-02
7.7243014109e-01
1.1053273381e+04
-4.8244141438e-01
-1.2707516623e+00
0
-8.1800626754e-01
-5.3561261448e-01
-2.3528847141e+00
6.4177740774e+03
-1.6425362277e-01
-1.1998968830e+00
0
3.7918089502e-01
8.2176562856e-01
1.4088583797e+00
2.6879350630e+04
1.1488058758e+00
-1.1863877206e+00
0
-4.4963322939e-01
-6.7227115868e-01
-6.0263400112e-01
4.7778536921e+03
7.9693610077e-01
-4.1117042577e-01
0
-5.1870558178e-01
-5.8602965825e-01
-2.0828869595e+00
1.2798298511e+04
4.2371141552e-01
-1.3510285079e+00
0
-4.1790490468e-01
1.2022465910e+00
1.4595492519e+00
8.0164718814e+03
-4.0399635717e-01
-4.7963465030e-02
0
-1.1154163124e-02
8.0854094376e-01
6.0252208180e-01
4.7809441574e+03
-8.9007426476e-01
-1.1278903147e-01
0
-5.1871415140e-01
5.8624838803e-01
2.0830412722e+00
1.2813218785e+04
4.2381628146e-01
1.3510454698e+00
0
-4.1827114763e-01
-1.2016365842e+00
-1.4595598334e+00
8.0169780584e+03
-4.0436524315e-01
4.8597133074e-02
0
-1.1190035679e-02
-8.0780300932e-01
-6.0223709329e-01
4.7792425846e+03
-8.8994509595e-01
1.1263528316e-01
0
-8.1776368152e-01
5.3588844810e-01
2.3527285086e+00
6.4200108526e+03
-1.6425871475e-01
1.2004220786e+00
0
3.7933211272e-01
-8.2103380068e-01
-1.4087647967e+00
2.6906748594e+04
1.1489797327e+00
1.1869810116e+00
0
-4.4944024555e-01
6.7219419417e-01
6.0263779059e-01
4.7769340379e+03
7.9713860035e-01
4.1108965881e-01
0
-9.5651503448e-01
2.0298179797e-01
2.3529537408e+00
6.4204583433e+03
-9.6682701783e-01
-7.2898200807e-01
0
-1.1495550222e+00
5.4970800909e-01
1.4597009669e+00
8.0248809051e+03
9.1747167946e-02
3.9727822390e-01
0
5.6554109876e-01
9.4745360684e-02
-7.7250515088e-01
1.1038328229e+04
-4.8135619159e-01
1.2704986183e+00
0
-7.6401928572e-01
1.6470288740e-01
2.0836839257e+00
1.2777033302e+04
-9.6695157765e-01
-1.0318353535e+00
0
-8.7067411964e-01
-2.3903077058e-01
1.4087041481e+00
2.6821739790e+04
9.8671997946e-01
-1.3226497751e+00
0
-3.3878504368e-01
-4.6032297028e-01
7.7171141646e-01
1.1021903444e+04
1.2302813974e+00
-5.7293901372e-01

