-5.3918928985e-01 -7.4493127993e-01 -4.8164122931e-01 
-4.5617352739e-01 -4.6548970465e-01 4.1212476459e-01 
-4.0706269856e-01 2.8412775923e-01 -1.4044892338e-01 
-1.0651619149e-01 -3.4981786055e-01 -3.5279431019e-02 
-1.0621003601e-01 -3.4972421767e-01 -3.5644533449e-02 
-4.0661191368e-01 2.8434211617e-01 -1.4009755011e-01 
-4.5625281955e-01 -4.6558292193e-01 4.1204766291e-01 
-5.3986423159e-01 -7.4529918132e-01 -4.8168192710e-01 


-1.0645330241e-01 -1.5889094362e-01 -8.4219866567e-02 
-3.8386797129e-01 -7.2855052459e-01 2.6495464529e-01 
-4.3483529739e-01 7.0706100336e-01 -4.6298390372e-01 
-5.3962759411e-01 7.8944658109e-01 4.8303779816e-01 
5.3912517145e-01 -7.8993942739e-01 -4.8312112946e-01 
4.3480617410e-01 -7.0765665757e-01 4.6347519272e-01 
3.8337659674e-01 7.2854101699e-01 -2.6512624696e-01 
1.0704603424e-01 1.5924449355e-01 8.4469850064e-02 


-1.5703501330e+00 -9.7724459830e-01 -3.9829007021e-01 
-1.6243159069e+00 -9.8514007422e-01 3.9841460054e-01 
-1.6242557033e+00 9.7720027497e-01 -3.6626662496e-01 
-1.5700399671e+00 9.8521884463e-01 3.6632128800e-01 
1.5702515889e+00 -9.8521314108e-01 -3.6638040523e-01 
1.6242933431e+00 -9.7710772356e-01 3.6633961819e-01 
1.6244094061e+00 9.8509787856e-01 -3.9834958622e-01 
1.5701082616e+00 9.7718296696e-01 3.9819676537e-01 


2.5872451811e+03 4.2059736260e+03 1.9456533747e+03 
2.3146846553e+03 3.1445775539e+03 1.9464034381e+03 
2.3165169151e+03 4.2044866072e+03 1.6717763558e+03 
2.5899851460e+03 3.1427632156e+03 1.6740421897e+03 
2.5864675333e+03 3.1438587648e+03 1.6741738235e+03 
2.3147871195e+03 4.2060004950e+03 1.6736104095e+03 
2.3135141495e+03 3.1437609407e+03 1.9462816406e+03 
2.5888549118e+03 4.2055905393e+03 1.9446737279e+03 


-7.1473317024e-01 1.0767634756e-01 2.2154781399e-01 
-5.3389831669e-01 4.3904401937e-01 5.4794470518e-02 
1.3944689649e-01 8.7622875879e-01 5.4863918391e-01 
6.6955743573e-01 -3.4333764024e-01 -5.0929310771e-01 
6.7010130802e-01 -3.4324280501e-01 -5.0969428884e-01 
1.3996698839e-01 8.7649131647e-01 5.4916732257e-01 
-5.3365274711e-01 4.3880182707e-01 5.4844680011e-02 
-7.1622424975e-01 1.0706884972e-01 2.2119468333e-01 


6.6989052755e-01 1.1306159497e+00 6.6624099322e-01 
1.6770004456e-01 -1.2079299625e-01 -6.9974573749e-01 
-5.4212467822e-01 -7.2082528657e-01 1.0029152435e-02 
-7.1563110155e-01 -3.0054728564e-01 -2.0559575589e-01 
7.1457871452e-01 3.0003522680e-01 2.0573996870e-01 
5.4198909234e-01 7.1997207339e-01 -9.7339103687e-03 
-1.6835645107e-01 1.2081652958e-01 6.9944119671e-01 
-6.6898313260e-01 -1.1302456044e+00 -6.6595163814e-01 


