-6.0156216631e-01 -8.8192733901e-01 -7.2335918343e-01 -2.8274999641e-01 
-7.9074662321e-01 -1.1862301949e+00 -1.0466476618e+00 3.9398143046e-01 
-6.0438253612e-01 -9.2483265232e-01 8.0208259186e-01 -4.1571724399e-01 
-3.8224097001e-01 -5.5206544165e-01 5.1980734623e-01 3.1041893292e-01 
-5.5124240347e-01 4.4569889128e-01 -8.4664445917e-01 -4.2686741859e-01 
-4.5848530341e-01 5.8623854223e-02 -1.6626794723e-01 3.2635759220e-01 
-2.8219217925e-01 -3.4997601670e-01 2.8118109365e-01 1.5002801150e-01 
-1.6313920616e-01 -6.7893565550e-01 -5.6986754604e-01 -3.1558673344e-01 
-1.6280003408e-01 -6.7871597002e-01 -5.6966574094e-01 -3.1579690711e-01 
-2.8192869672e-01 -3.5014378212e-01 2.8116737092e-01 1.5013707850e-01 
-4.5819388068e-01 5.8307404860e-02 -1.6562791541e-01 3.2635621686e-01 
-5.5148780134e-01 4.4565264212e-01 -8.4642750683e-01 -4.2687067680e-01 
-3.8220530276e-01 -5.5241499268e-01 5.1961620484e-01 3.1040569098e-01 
-6.0384728302e-01 -9.2432045075e-01 8.0224152924e-01 -4.1570517416e-01 
-7.9055206541e-01 -1.1862526483e+00 -1.0473813919e+00 3.9378717418e-01 
-6.0185726193e-01 -8.8267119344e-01 -7.2298922736e-01 -2.8266124975e-01 


-4.7658317585e-02 1.8538839777e-01 4.2869726812e-01 3.6141861809e-01 
-3.2448899078e-02 -1.1843986102e-01 -1.6478821380e-01 -2.3571193650e-01 
-2.7820419251e-01 -5.2376056316e-01 2.6132906504e-01 -2.4234011010e-01 
-4.6695775281e-01 -8.9559304366e-01 9.2535448420e-01 3.6739135685e-01 
-2.4441077764e-01 7.8778889172e-01 -4.6783126072e-01 -2.9729703248e-01 
-4.7906234259e-01 1.1917929993e+00 -1.0285313224e+00 4.0479598611e-01 
-7.3962653336e-01 1.0010059850e+00 9.2384274681e-01 -6.1854143465e-01 
-5.8212315890e-01 8.0336989439e-01 8.7418966245e-01 5.5231270529e-01 
5.8167244380e-01 -8.0325868468e-01 -8.7328021949e-01 -5.5219263195e-01 
7.4014858595e-01 -1.0007251305e+00 -9.2387543074e-01 6.1834104913e-01 
4.7928988514e-01 -1.1925754925e+00 1.0288552084e+00 -4.0511262165e-01 
2.4444800787e-01 -7.8781957917e-01 4.6744475626e-01 2.9731170792e-01 
4.6699671098e-01 8.9493743705e-01 -9.2556808766e-01 -3.6743031159e-01 
2.7803752925e-01 5.2396488867e-01 -2.6147402050e-01 2.4258229974e-01 
3.2841061825e-02 1.1860944419e-01 1.6477836101e-01 2.3531624580e-01 
4.7527131231e-02 -1.8624551282e-01 -4.2970963023e-01 -3.6122339554e-01 


-1.7656458088e+00 -1.2659712111e+00 -8.5405737341e-01 -3.6831725937e-01 
-1.8926715651e+00 -1.4219336625e+00 -9.0326794069e-01 3.6855208064e-01 
-1.9021175179e+00 -1.3911933779e+00 8.5427713115e-01 -3.3984670583e-01 
-1.8398536037e+00 -1.2551549425e+00 9.0322464062e-01 3.3986453891e-01 
-1.8398277813e+00 1.2654654086e+00 -7.7097405224e-01 -2.8263436988e-01 
-1.9021534402e+00 1.4219031038e+00 -7.3850738347e-01 2.8274825464e-01 
-1.8924425160e+00 1.3912029617e+00 7.7092437741e-01 -2.8027079941e-01 
-1.7651951682e+00 1.2551923029e+00 7.3843835925e-01 2.8012272786e-01 
1.7653069428e+00 -1.2550734732e+00 -7.3837408900e-01 -2.8011777951e-01 
1.8923229903e+00 -1.3911588822e+00 -7.7100985026e-01 2.8028975144e-01 
1.9021268616e+00 -1.4217661571e+00 7.3852409199e-01 -2.8273378664e-01 
1.8397797377e+00 -1.2655107626e+00 7.7095268095e-01 2.8259181325e-01 
1.8398781265e+00 1.2551680823e+00 -9.0322073752e-01 -3.3983164041e-01 
1.9021496242e+00 1.3911005514e+00 -8.5423509550e-01 3.3987305266e-01 
1.8925915665e+00 1.4219461913e+00 9.0331972185e-01 -3.6846539497e-01 
1.7655640068e+00 1.2658725812e+00 8.5425670936e-01 3.6831758074e-01 


1.3213087504e+02 3.3745683613e+02 3.1912139894e+02 1.0212384884e+02 
9.9425635125e+01 1.9214558426e+02 1.3303503202e+02 1.0212367551e+02 
8.0447180396e+01 1.3677465337e+02 3.1939726413e+02 5.3530259017e+01 
7.5202590972e+01 1.3619725164e+02 1.3309181200e+02 5.3529485654e+01 
7.5252389351e+01 3.3826192789e+02 1.2714121952e+02 5.7151231769e+01 
8.0445326126e+01 1.9204968218e+02 1.6988254745e+02 5.7160341694e+01 
9.9403644363e+01 1.3676226038e+02 1.2706612122e+02 7.0345232232e+01 
1.3225103792e+02 1.3612958249e+02 1.6982322441e+02 7.0275549941e+01 
1.3228263938e+02 1.3612822378e+02 1.6979851157e+02 7.0312473682e+01 
9.9486222266e+01 1.3676655243e+02 1.2717438919e+02 7.0359849800e+01 
8.0430389881e+01 1.9221882394e+02 1.6989544279e+02 5.7155011085e+01 
7.5266997580e+01 3.3782826377e+02 1.2716774360e+02 5.7153851347e+01 
7.5212685832e+01 1.3618665295e+02 1.3313693419e+02 5.3523497069e+01 
8.0393942905e+01 1.3676210648e+02 3.1949634426e+02 5.3523074918e+01 
9.9391040616e+01 1.9217475669e+02 1.3313694856e+02 1.0198699445e+02 
1.3218286115e+02 3.3764673999e+02 3.1923157514e+02 1.0205037672e+02 


-5.1028266468e-01 9.9977766954e-01 1.7069495934e+00 9.5994126069e-01 
-4.1119619832e-01 9.3079001035e-01 9.3568339614e-01 -6.4248874834e-01 
-4.7629401481e-01 6.9367491683e-01 7.7037036192e-02 4.8397190545e-01 
-4.1772861774e-01 8.9512385068e-01 -1.0898600552e-01 -4.8780587906e-01 
-2.5665114830e-02 1.7528323264e+00 6.2518642677e-01 7.8982749764e-03 
3.6092981565e-01 1.3019552323e+00 1.8874864963e+00 1.4640589213e-01 
1.1121775670e+00 -3.4817137064e-01 -2.1333531809e-01 1.0274323232e+00 
1.1744869202e+00 -1.1407070235e+00 -1.7812151997e+00 -9.4275270684e-01 
1.1749027459e+00 -1.1405483866e+00 -1.7810687941e+00 -9.4296354736e-01 
1.1123189211e+00 -3.4836371795e-01 -2.1330497104e-01 1.0275768030e+00 
3.6115286210e-01 1.3016924748e+00 1.8881795876e+00 1.4643024765e-01 
-2.6043440460e-02 1.7527604019e+00 6.2532315123e-01 7.7332495031e-03 
-4.1758448482e-01 8.9482495082e-01 -1.0916996645e-01 -4.8770639522e-01 
-4.7560079213e-01 6.9377928526e-01 7.7259255182e-02 4.8409589688e-01 
-4.1135305332e-01 9.3082548905e-01 9.3514700086e-01 -6.4248520827e-01 
-5.1089430568e-01 9.9859135508e-01 1.7080531165e+00 9.6003092865e-01 


1.2980690409e+00 2.1474365411e+00 1.5850398749e+00 7.0419485364e-01 
1.3110844030e+00 1.4562779087e+00 5.9701166759e-01 -1.0031834893e+00 
5.4417888221e-01 -2.2807664847e-01 -2.3310900583e+00 -9.2139014904e-02 
8.8094108149e-02 -9.0879005685e-01 -1.1029617969e+00 -7.4170195374e-02 
-4.2625096719e-01 -1.5947825179e+00 3.3745899645e-01 5.5526077469e-01 
-6.2533141167e-01 -1.1352732420e+00 -5.7188075978e-01 -5.3569259884e-01 
-8.0524794695e-01 -6.4432894433e-01 -6.7912291697e-01 1.6240618754e-01 
-7.5422748047e-01 -5.6838617763e-01 -8.4570396540e-01 -4.4021492205e-01 
7.5350433128e-01 5.6799392740e-01 8.4629293156e-01 4.4031321184e-01 
8.0611346193e-01 6.4442175286e-01 6.7949728459e-01 -1.6267082866e-01 
6.2565060975e-01 1.1340765541e+00 5.7216765189e-01 5.3531161262e-01 
4.2644431527e-01 1.5948637595e+00 -3.3779627796e-01 -5.5510394590e-01 
-8.8100249924e-02 9.0812976645e-01 1.1027386993e+00 7.4045643921e-02 
-5.4438351661e-01 2.2825243296e-01 2.3308595245e+00 9.2370373574e-02 
-1.3107176980e+00 -1.4560825674e+00 -5.9692203416e-01 1.0026926595e+00 
-1.2981911662e+00 -2.1484593143e+00 -1.5856079598e+00 -7.0399929661e-01 


