-6.4340449907e-01 -8.7436276445e-01 -5.8062679051e-01 -1.1989502583e-01 
-8.6359336693e-01 -1.2701599227e+00 -1.1105260096e+00 2.8150512608e-01 
-6.8465347870e-01 -1.0476361303e+00 7.6051319392e-01 -4.7714847843e-01 
-4.5041633473e-01 -6.6965020667e-01 6.3854725246e-01 3.7043902402e-01 
-6.0048259510e-01 3.7777795028e-01 -9.3983922283e-01 -4.8612544289e-01 
-5.2106373546e-01 1.1141603836e-01 -2.2863732713e-01 3.7333689589e-01 
-3.1092996938e-01 -3.8074989876e-01 3.0881468490e-01 1.6102210523e-01 
-2.9035178215e-01 -6.8614211537e-01 -6.0524837998e-01 -3.5864138420e-01 
-2.8986399448e-01 -6.8624545654e-01 -6.0520656902e-01 -3.5840816914e-01 
-3.1052197040e-01 -3.8113365652e-01 3.0882038276e-01 1.6148295117e-01 
-5.2135632236e-01 1.1109672006e-01 -2.2868834703e-01 3.7296477734e-01 
-6.0037100765e-01 3.7767088567e-01 -9.3946920075e-01 -4.8568928930e-01 
-4.5053085738e-01 -6.7004407628e-01 6.3853841912e-01 3.7017987035e-01 
-6.8501873765e-01 -1.0474330809e+00 7.6125074530e-01 -4.7714323663e-01 
-8.6301038485e-01 -1.2711359650e+00 -1.1108501829e+00 2.8156611165e-01 
-6.4347344172e-01 -8.7478244891e-01 -5.8078387207e-01 -1.2035340564e-01 


-1.1523976384e-01 1.6813802458e-01 5.1489205045e-01 4.1178778801e-01 
8.2330002310e-02 7.2891499710e-02 3.5386339134e-02 -3.2494837239e-01 
-2.3653168344e-01 -4.5629913105e-01 1.6215385209e-01 -1.9689517558e-01 
-4.6283928620e-01 -8.7187859199e-01 9.1177535054e-01 3.5943460301e-01 
-2.3775312783e-01 8.0968747932e-01 -4.4467557391e-01 -2.9499933701e-01 
-5.0068821919e-01 1.2709169906e+00 -1.0854492439e+00 4.2885655541e-01 
-8.1102700709e-01 1.0749962855e+00 9.9170273014e-01 -6.8253485855e-01 
-5.8710587422e-01 8.5787295415e-01 9.3049071852e-01 6.0229864521e-01 
5.8693269173e-01 -8.5804701031e-01 -9.3029181513e-01 -6.0188817053e-01 
8.1113077919e-01 -1.0751933930e+00 -9.9123579849e-01 6.8301513391e-01 
5.0083101295e-01 -1.2708261664e+00 1.0851733412e+00 -4.2862205890e-01 
2.3751332041e-01 -8.1059773282e-01 4.4440952339e-01 2.9497701770e-01 
4.6304344857e-01 8.7187201321e-01 -9.1131112322e-01 -3.5956315445e-01 
2.3666526245e-01 4.5674253959e-01 -1.6284130773e-01 1.9719233869e-01 
-8.2131733964e-02 -7.2551056013e-02 -3.5043957940e-02 3.2483100527e-01 
1.1516508080e-01 -1.6912112229e-01 -5.1514729137e-01 -4.1148989359e-01 


-1.8529695573e+00 -1.3280426898e+00 -9.3977263875e-01 -4.3089722698e-01 
-2.0307470453e+00 -1.5407682589e+00 -9.9211672271e-01 4.3124847344e-01 
-2.0432707868e+00 -1.4995672644e+00 9.3989501985e-01 -3.7787097867e-01 
-1.9659908037e+00 -1.3302411136e+00 9.9202911824e-01 3.7785258178e-01 
-1.9659707180e+00 1.3275576124e+00 -8.2706630768e-01 -3.0731999453e-01 
-2.0432575375e+00 1.5404964138e+00 -7.8476322569e-01 3.0740635061e-01 
-2.0304134949e+00 1.4996088658e+00 8.2705183977e-01 -3.0465007597e-01 
-1.8525184863e+00 1.3302444722e+00 7.8472846742e-01 3.0451893560e-01 
1.8524289154e+00 -1.3301562509e+00 -7.8465132629e-01 -3.0442079311e-01 
2.0304528636e+00 -1.4993748931e+00 -8.2700636547e-01 3.0481136205e-01 
2.0432527181e+00 -1.5405146103e+00 7.8480705692e-01 -3.0729492083e-01 
1.9659761932e+00 -1.3274896159e+00 8.2693391430e-01 3.0721089464e-01 
1.9660232445e+00 1.3302286266e+00 -9.9204926313e-01 -3.7785696012e-01 
2.0431654100e+00 1.4994079902e+00 -9.3992323260e-01 3.7781845803e-01 
2.0308231997e+00 1.5406929924e+00 9.9208829365e-01 -4.3118408803e-01 
1.8530200777e+00 1.3281099718e+00 9.3967731921e-01 4.3060423150e-01 


1.9066280620e+02 5.3606563573e+02 5.1098548436e+02 1.5139309068e+02 
1.2652946161e+02 2.4305976853e+02 1.5962824060e+02 1.5161847252e+02 
9.5551265701e+01 1.5801513694e+02 5.1310299510e+02 6.3431042216e+01 
8.8811062549e+01 1.6163134883e+02 1.5974889458e+02 6.3452910626e+01 
8.8828867484e+01 5.3748138142e+02 1.4648073705e+02 6.8113311513e+01 
9.5559481660e+01 2.4319595539e+02 2.1133432798e+02 6.8092214467e+01 
1.2670805126e+02 1.5803261023e+02 1.4648990322e+02 8.9200747847e+01 
1.9117516012e+02 1.6153190112e+02 2.1114186635e+02 8.9164422914e+01 
1.9127641860e+02 1.6161908492e+02 2.1124911671e+02 8.9185218567e+01 
1.2671521935e+02 1.5809685639e+02 1.4646511374e+02 8.9329364331e+01 
9.5560517888e+01 2.4334591606e+02 2.1125541055e+02 6.8070600232e+01 
8.8809916686e+01 5.3787854953e+02 1.4643316420e+02 6.8081768546e+01 
8.8780322175e+01 1.6167485098e+02 1.5968548954e+02 6.3415082077e+01 
9.5629589980e+01 1.5805800601e+02 5.1289311846e+02 6.3450353066e+01 
1.2652680386e+02 2.4321141260e+02 1.5966364260e+02 1.5168607804e+02 
1.9048347076e+02 5.3592201324e+02 5.1080991896e+02 1.5111579954e+02 


-5.2587582351e-01 1.2506731104e+00 2.1718029460e+00 1.2596235842e+00 
-3.2691118210e-01 1.1867098665e+00 1.0635993002e+00 -9.1287805293e-01 
-5.1548252693e-01 6.3778601607e-01 -1.8709811597e-01 4.8598710415e-01 
-5.0717145549e-01 7.8226928253e-01 -9.6988082876e-02 -5.0686928359e-01 
-6.5816762737e-02 1.7363812565e+00 6.6049136202e-01 2.5477335893e-02 
3.5001289905e-01 1.4656072786e+00 1.9842138236e+00 1.5568091146e-01 
1.2064288086e+00 -3.8097224267e-01 -2.4883691623e-01 1.1322312054e+00 
1.1118522113e+00 -1.1922746902e+00 -1.9498154646e+00 -1.0413233918e+00 
1.1122818201e+00 -1.1924164827e+00 -1.9498392265e+00 -1.0411030526e+00 
1.2068751499e+00 -3.8148743567e-01 -2.4885548833e-01 1.1330050638e+00 
3.4970795612e-01 1.4652821169e+00 1.9843000879e+00 1.5551081910e-01 
-6.5690242716e-02 1.7363073345e+00 6.6036804723e-01 2.5487482854e-02 
-5.0714368171e-01 7.8183023146e-01 -9.7030499466e-02 -5.0714324948e-01 
-5.1636074803e-01 6.3733665100e-01 -1.8639609120e-01 4.8578098222e-01 
-3.2601534405e-01 1.1854245553e+00 1.0631835292e+00 -9.1268997481e-01 
-5.2576197007e-01 1.2505304703e+00 2.1713570513e+00 1.2584809753e+00 


1.3109338419e+00 2.0937738595e+00 1.3526157861e+00 5.5478722980e-01 
1.5101673009e+00 1.5014034867e+00 5.7694976311e-01 -1.0314173726e+00 
6.5529487242e-01 -3.3629100396e-01 -2.5546767993e+00 -1.4860047237e-01 
1.4021363667e-01 -1.0368549427e+00 -1.2043771488e+00 -4.0753177495e-02 
-5.2236109327e-01 -1.7148823000e+00 2.6983150818e-01 5.9798867699e-01 
-7.5595488803e-01 -1.2270078833e+00 -7.7245793284e-01 -5.7742193137e-01 
-9.6477919130e-01 -6.1486044610e-01 -6.6973980272e-01 1.3031552195e-01 
-8.7227854780e-01 -5.1294891157e-01 -8.5452801898e-01 -4.6389683696e-01 
8.7229293317e-01 5.1242175873e-01 8.5435349395e-01 4.6389718052e-01 
9.6478419991e-01 6.1372128289e-01 6.6999829274e-01 -1.3032792636e-01 
7.5611288701e-01 1.2271473261e+00 7.7210255790e-01 5.7718356274e-01 
5.2210507065e-01 1.7138266954e+00 -2.6984651925e-01 -5.9768534869e-01 
-1.4005598402e-01 1.0368474286e+00 1.2048839331e+00 4.0634496193e-02 
-6.5508981994e-01 3.3660095412e-01 2.5540399801e+00 1.4889155099e-01 
-1.5099098683e+00 -1.5012660199e+00 -5.7667601366e-01 1.0312385651e+00 
-1.3110046968e+00 -2.0946167869e+00 -1.3531293847e+00 -5.5488116682e-01 


