-4.6477369644e-01 -7.6879660150e-01 -7.3758625306e-01 -3.8485741638e-01 
-5.0942637009e-01 -7.7835738053e-01 -6.6892929569e-01 3.9173197516e-01 
-3.7131893687e-01 -5.6128301429e-01 6.0394981508e-01 -2.3520061833e-01 
-2.0628929596e-01 -2.4929732304e-01 2.1764344310e-01 1.5988086895e-01 
-3.9118792299e-01 3.5359445389e-01 -5.6130808879e-01 -2.6515522964e-01 
-2.8583262860e-01 -3.3912665393e-02 -4.1343317691e-02 2.0009351517e-01 
-1.9027652525e-01 -2.4131726159e-01 1.9034438699e-01 1.0674250610e-01 
-2.5651369953e-02 -5.4684692079e-01 -4.0712727322e-01 -1.9563726432e-01 
-2.5127094124e-02 -5.4706549510e-01 -4.0684715259e-01 -1.9581843827e-01 
-1.9011251705e-01 -2.4153854153e-01 1.9010697699e-01 1.0675816791e-01 
-2.8549422237e-01 -3.4034338033e-02 -4.1173478170e-02 1.9985755839e-01 
-3.9103894685e-01 3.5342698083e-01 -5.6166772492e-01 -2.6516120190e-01 
-2.0640405957e-01 -2.4932025873e-01 2.1756546451e-01 1.5965836054e-01 
-3.7144902797e-01 -5.6112500731e-01 6.0384607195e-01 -2.3517021680e-01 
-5.0999901687e-01 -7.7845688252e-01 -6.6897766283e-01 3.9173286036e-01 
-4.6535141335e-01 -7.6945136192e-01 -7.3793556316e-01 -3.8488347866e-01 


-9.3986841896e-02 -5.7628814295e-02 1.0966175951e-02 7.1321847397e-02 
-2.4273201041e-01 -4.5316945771e-01 -5.0569356913e-01 2.2999775061e-02 
-3.2473670619e-01 -5.8545789935e-01 4.2788286310e-01 -2.8772947821e-01 
-4.2135737502e-01 -8.0815245036e-01 8.1038057016e-01 3.3548955595e-01 
-2.5833065066e-01 6.8734291014e-01 -4.8416949486e-01 -2.7635869568e-01 
-4.0036314308e-01 9.0001638958e-01 -7.9836799959e-01 3.2610195744e-01 
-5.3106220311e-01 7.7255822874e-01 7.1558436770e-01 -4.3414485722e-01 
-4.7461686787e-01 6.4446074035e-01 6.8967821047e-01 4.0179721623e-01 
4.7383510495e-01 -6.4413182453e-01 -6.8868759445e-01 -4.0172533202e-01 
5.3078086252e-01 -7.7165128623e-01 -7.1520126260e-01 4.3400755735e-01 
4.0049726571e-01 -9.0048809240e-01 7.9873504776e-01 -3.2645494595e-01 
2.5849883028e-01 -6.8791115067e-01 4.8443795573e-01 2.7655814803e-01 
4.2160681271e-01 8.0813656555e-01 -8.1049179458e-01 -3.3549267255e-01 
3.2509751886e-01 5.8557298318e-01 -4.2810237068e-01 2.8788816591e-01 
2.4332563817e-01 4.5329734894e-01 5.0565610953e-01 -2.2934229446e-02 
9.4804564132e-02 5.8055132628e-02 -1.0107985083e-02 -7.1119038489e-02 


-1.4239623145e+00 -1.0201454141e+00 -6.3202315079e-01 -2.4160341490e-01 
-1.4679256318e+00 -1.0791619211e+00 -6.6067248975e-01 2.4177660804e-01 
-1.4717999472e+00 -1.0670595359e+00 6.3182215429e-01 -2.3970230696e-01 
-1.4428445316e+00 -1.0038095023e+00 6.6071791670e-01 2.3975821931e-01 
-1.4428661223e+00 1.0201209250e+00 -5.9923490327e-01 -2.1279003793e-01 
-1.4717984384e+00 1.0792331985e+00 -5.8565847804e-01 2.1283748545e-01 
-1.4678296155e+00 1.0670999281e+00 5.9930252194e-01 -2.1137052294e-01 
-1.4237168268e+00 1.0038005269e+00 5.8567358432e-01 2.1118712216e-01 
1.4238645674e+00 -1.0038302600e+00 -5.8576857008e-01 -2.1127339692e-01 
1.4677949819e+00 -1.0669693639e+00 -5.9916422809e-01 2.1132948165e-01 
1.4718479989e+00 -1.0791913184e+00 5.8573188875e-01 -2.1277140311e-01 
1.4428468803e+00 -1.0199813331e+00 5.9926352245e-01 2.1280272818e-01 
1.4427911742e+00 1.0038066593e+00 -6.6074225110e-01 -2.3971358705e-01 
1.4717400043e+00 1.0670646002e+00 -6.3186903569e-01 2.3969364605e-01 
1.4678170235e+00 1.0792269502e+00 6.6054691553e-01 -2.4175044883e-01 
1.4238772942e+00 1.0201776153e+00 6.3198307978e-01 2.4154380725e-01 


2.1540410644e+03 4.8213309307e+03 4.5351987957e+03 1.5726361279e+03 
1.9824572377e+03 3.9224539988e+03 3.0831133373e+03 1.5728271912e+03 
1.8092583725e+03 3.3215588368e+03 4.5357633651e+03 1.2161998650e+03 
1.7281381182e+03 3.2149101064e+03 3.0834537757e+03 1.2165688073e+03 
1.7281559709e+03 4.8202039881e+03 3.1103655135e+03 1.2756062603e+03 
1.8104250311e+03 3.9237741966e+03 3.5853707150e+03 1.2744483774e+03 
1.9839235124e+03 3.3233454231e+03 3.1083806498e+03 1.4002464701e+03 
2.1578002070e+03 3.2139839926e+03 3.5862258365e+03 1.3989738881e+03 
2.1528748801e+03 3.2135070160e+03 3.5836231583e+03 1.3997316566e+03 
1.9839822511e+03 3.3195221948e+03 3.1064659540e+03 1.4001615631e+03 
1.8093381342e+03 3.9233937387e+03 3.5871792880e+03 1.2742664830e+03 
1.7284733023e+03 4.8233359688e+03 3.1105979829e+03 1.2755035843e+03 
1.7299749081e+03 3.2139524046e+03 3.0842496328e+03 1.2162201884e+03 
1.8109032734e+03 3.3214242682e+03 4.5352393624e+03 1.2159516979e+03 
1.9843391581e+03 3.9217711460e+03 3.0820051998e+03 1.5737616215e+03 
2.1561558782e+03 4.8200020684e+03 4.5314984004e+03 1.5707975194e+03 


-5.2336083426e-01 2.7496245679e-01 6.2351782240e-01 3.4435936230e-01 
-4.7204604775e-01 3.7893597498e-01 6.0436568961e-01 -1.6476344545e-01 
-3.2949772960e-01 6.8065304639e-01 4.0100513873e-01 3.9959674791e-01 
-1.9471811191e-01 9.8691143885e-01 -1.1676146693e-01 -3.7416078152e-01 
3.6422945160e-02 1.3615104464e+00 4.6374787872e-01 -2.0755125721e-02 
3.1337191086e-01 8.2863064124e-01 1.4182045054e+00 1.0759739165e-01 
7.7718493447e-01 -2.3725741014e-01 -1.2300100725e-01 6.9156065057e-01 
9.7441577598e-01 -8.5662646323e-01 -1.2081785932e+00 -6.3093170337e-01 
9.7504522936e-01 -8.5682587436e-01 -1.2078215973e+00 -6.3110127566e-01 
7.7731236031e-01 -2.3754409411e-01 -1.2329917898e-01 6.9151188001e-01 
3.1382925105e-01 8.2853088239e-01 1.4185982111e+00 1.0746508861e-01 
3.6520731961e-02 1.3614477032e+00 4.6348951987e-01 -2.0719383376e-02 
-1.9505739451e-01 9.8687657595e-01 -1.1689128598e-01 -3.7423663875e-01 
-3.2990817490e-01 6.8083515930e-01 4.0080551695e-01 3.9958887262e-01 
-4.7314086530e-01 3.7918955141e-01 6.0369888272e-01 -1.6468305104e-01 
-5.2431567578e-01 2.7447697420e-01 6.2297024238e-01 3.4409076474e-01 


9.0847060890e-01 1.7659633064e+00 1.5256278229e+00 7.0689930861e-01 
7.3383208550e-01 1.1450167559e+00 5.8786465740e-01 -7.6893878636e-01 
2.8157342275e-01 1.0366567746e-01 -1.5977015125e+00 6.0985998385e-02 
1.1208657014e-02 -3.8826465777e-01 -8.3458483360e-01 -1.5417210457e-01 
-1.9156778245e-01 -1.1562246521e+00 4.6099435629e-01 4.1717596813e-01 
-2.9882871409e-01 -8.7495134722e-01 -4.7125184171e-02 -4.0364292998e-01 
-3.9397706234e-01 -6.4795055834e-01 -6.4339823115e-01 2.1663110726e-01 
-3.8678496182e-01 -6.2378483617e-01 -7.4321243529e-01 -3.5627106491e-01 
3.8547485669e-01 6.2425902896e-01 7.4471381646e-01 3.5677532002e-01 
3.9383290241e-01 6.4821455905e-01 6.4305643605e-01 -2.1659014112e-01 
2.9874828458e-01 8.7430936796e-01 4.7237592394e-02 4.0295815478e-01 
1.9181579085e-01 1.1551583059e+00 -4.6082752676e-01 -4.1703148802e-01 
-1.0790800121e-02 3.8825426483e-01 8.3455883605e-01 1.5400376564e-01 
-2.8104632134e-01 -1.0355856417e-01 1.5976235300e+00 -6.0808421088e-02 
-7.3308415300e-01 -1.1449083991e+00 -5.8787890101e-01 7.6895163896e-01 
-9.0754348029e-01 -1.7655429198e+00 -1.5247749596e+00 -7.0666675813e-01 


