00
-2.4012156297e-01
-1.5667016019e-01
-9.1587962142e-01
7.4561273556e+02
-3.4311782482e-01
5.0227122779e-01
01
-4.7461163743e-01
-2.3599105979e-01
-7.1571716000e-01
1.8782565553e+03
-8.8236831011e-02
1.3017445144e+00
02
-5.5182864848e-01
-2.2637734275e-01
-5.0220534232e-01
2.3408404799e+03
8.6988678424e-02
1.4217771845e+00
03
-4.6061005522e-01
-1.4939836775e-01
-2.9084349605e-01
1.7096406842e+03
1.3331312618e-01
1.0501001723e+00
04
-2.2034785651e-01
-3.7887343225e-02
-1.0047280423e-01
5.2105749751e+02
6.2259962660e-02
4.3393517325e-01
10
-2.3553079429e-01
-2.1583855038e-01
-9.2472008359e-01
7.3366798510e+02
-3.0497050212e-01
4.4720057617e-01
11
-4.4492031318e-01
-3.7989552399e-01
-7.3242591948e-01
1.7975602781e+03
1.7460535347e-02
1.1355248792e+00
12
-4.7938351640e-01
-4.3908484757e-01
-5.2033771506e-01
2.1374741140e+03
2.4087623119e-01
1.1337683494e+00
13
-3.6068863283e-01
-3.7296706737e-01
-3.0556092253e-01
1.4427865204e+03
2.9228088459e-01
6.8932202832e-01
14
2.1571002004e-01
5.9977847785e-02
1.0050321804e-01
5.2115208128e+02
-1.8277494963e-02
-4.3793145142e-01
20
-1.8874051280e-01
-2.4639097821e-01
-9.2693306795e-01
7.1178231452e+02
-2.4068607757e-01
3.3499221868e-01
21
-3.3663179263e-01
-4.4129969658e-01
-7.3467419905e-01
1.6775338005e+03
1.7626313733e-01
8.5078504142e-01
22
-3.4494727829e-01
-5.0042501801e-01
-5.2062652709e-01
1.9160537520e+03
4.7874868813e-01
6.9635920898e-01
23
3.9923545889e-01
2.7570795439e-01
2.9086980101e-01
1.7104664971e+03
1.7413305013e-01
-1.0438510351e+00
24
-1.2845760697e-01
-1.6942259595e-01
-1.0742011489e-01
4.5959420579e+02
1.8208391044e-01
1.7884646932e-01
30
-1.3265148249e-01
-2.8476440078e-01
-9.2223380436e-01
6.9474588262e+02
-1.9252098439e-01
2.4940015935e-01
31
-2.0568323764e-01
-5.2932893319e-01
-7.2284303050e-01
1.5903906401e+03
2.8665639522e-01
6.5328572318e-01
32
-1.7285399818e-01
-6.3036159623e-01
-5.0454028956e-01
1.7983608773e+03
6.5066433943e-01
4.1349098633e-01
33
2.3151225080e-01
4.6479448664e-01
3.0565957927e-01
1.4441024351e+03
-7.1985061292e-02
-7.4520942246e-01
34
1.0932839691e-01
1.8249357734e-01
1.0745630595e-01
4.5995321359e+02
-1.6223905842e-01
-1.9724101422e-01
40
-1.6444766257e-01
-2.1859720236e-01
-9.2232045856e-01
6.8717764354e+02
-1.5484646536e-01
2.1200440687e-01
41
-3.1543321755e-01
-3.7385995661e-01
-7.2224622877e-01
1.5639047688e+03
3.7837092326e-01
5.5594066478e-01
42
3.7444835774e-01
4.6530258001e-01
5.0227666146e-01
2.3395361790e+03
6.0769335695e-01
-1.2872217616e+00
43
-2.9731338477e-01
-3.2250495880e-01
-2.8843206787e-01
1.4243681526e+03
3.2853661898e-01
5.0448478890e-01
44
-1.5118985539e-01
-1.4275802159e-01
-9.7964893544e-02
4.7528829685e+02
5.5013555230e-02
2.7503335050e-01
50
-1.1805416256e-01
-2.6440879303e-01
-9.2488681041e-01
6.8547811258e+02
-7.9772510164e-02
1.5486650092e-01
51
-2.1143698724e-01
-4.8589001596e-01
-7.2931135203e-01
1.5777904055e+03
5.6840069798e-01
4.1655081126e-01
52
1.9613018537e-01
6.1956834609e-01
5.2048912053e-01
2.1372615206e+03
3.5282550873e-01
-1.1040601155e+00
53
-8.7042240855e-02
-4.9425429946e-01
-2.8826060510e-01
1.4410097346e+03
6.8338697747e-01
2.1720935663e-01
54
1.3614635572e-01
1.5710491407e-01
9.7979731825e-02
4.7547940997e+02
-2.8258392497e-02
-2.7893938659e-01
60
-7.8562101827e-02
-2.7580187994e-01
-9.2045646825e-01
6.7548992271e+02
2.5127623593e-02
7.5944485484e-02
61
-1.4129978266e-01
-5.3728323726e-01
-7.2137160463e-01
1.5771672389e+03
8.2708811273e-01
2.3969856795e-01
62
4.8911898154e-02
6.0493035675e-01
5.2068944767e-01
1.9168097198e+03
-7.0464011551e-02
-8.4340785916e-01
63
1.9268279987e-01
3.9345754962e-01
2.8850940878e-01
1.4251019783e+03
-1.7226437183e-01
-5.7789453215e-01
64
-1.1476994975e-02
-2.3702890099e-01
-9.8054390800e-02
4.7944405463e+02
3.2538372409e-01
9.7271340683e-02
70
-2.1984911123e-02
-2.7093948427e-01
-9.1163872080e-01
6.6468665213e+02
8.2726666980e-02
2.9882403519e-02
71
-4.5093011645e-03
-5.4595374966e-01
-7.0262680895e-01
1.5606056171e+03
9.7111739482e-01
1.4838186954e-01
72
-1.5367648441e-01
6.3415622030e-01
5.0456103359e-01
1.7979330465e+03
-3.7001610613e-01
-6.7785341115e-01
73
-5.6916211482e-02
4.9818608401e-01
2.8823060970e-01
1.4401302106e+03
-5.9323173236e-01
-4.0274420096e-01
74
-1.1828767794e-02
2.3695847548e-01
9.8010796324e-02
4.7889674158e+02
-3.1422330319e-01
-1.2843363277e-01
80
-2.0052316671e-01
-1.8382321999e-01
-9.1164440672e-01
6.6458143483e+02
-2.6835069488e-02
8.3226313975e-02
81
2.0229196185e-01
4.8996083306e-01
7.1576843271e-01
1.8788867135e+03
9.1966003835e-01
-9.2426448327e-01
82
-4.3865372497e-01
-3.8668884731e-01
-4.8722836499e-01
1.9088272197e+03
7.6734608386e-02
7.9218747645e-01
83
-3.4276120602e-01
-3.4248821266e-01
-2.7554814209e-01
1.5196618284e+03
-1.6015214140e-01
7.1612744823e-01
84
-1.6880461889e-01
-1.6238228962e-01
-9.3153856886e-02
4.9188345689e+02
-1.2176877450e-01
3.1770063686e-01
90
-1.7130801384e-01
-2.2979161710e-01
-9.2046355776e-01
6.7552847527e+02
4.5879536461e-02
6.5745446572e-02
91
7.5175751430e-02
5.7952032925e-01
7.3258390024e-01
1.7976276319e+03
7.4452287537e-01
-8.5740042454e-01
92
-2.6213074198e-01
-5.2388713719e-01
-5.0359222712e-01
1.9533022205e+03
4.1255342848e-01
6.5690325757e-01
93
-9.0511855246e-02
-4.6747773848e-01
-2.8125503446e-01
1.4379845011e+03
2.6047631889e-01
5.1141711363e-01
94
1.5274313202e-01
1.7780540568e-01
9.3209991377e-02
4.9220282121e+02
1.5045352064e-01
-3.0494315044e-01
100
-1.3934317116e-01
-2.5322799007e-01
-9.2485421721e-01
6.8594192135e+02
1.7235720663e-01
2.9496285503e-02
101
-4.7164830062e-02
5.5177317870e-01
7.3474895792e-01
1.6782611810e+03
4.3834222880e-01
-7.5132086468e-01
102
-1.5960311932e-01
-5.9580187826e-01
-5.0328122358e-01
2.0338399712e+03
9.0416609008e-01
4.8281236453e-01
103
2.3603984602e-01
4.2265255787e-01
2.7562636017e-01
1.5202709722e+03
3.4827868064e-01
-6.4624992098e-01
104
-3.8864303962e-03
-2.1944417079e-01
-9.6005670671e-02
4.7303282982e+02
1.8410720253e-01
1.9384997660e-01
110
-7.4351983767e-02
-2.6237099484e-01
-9.2228049851e-01
6.8743084054e+02
2.6296527680e-01
5.0865392988e-03
111
-1.9614164139e-01
5.3162349049e-01
7.2285350193e-01
1.5915967725e+03
2.1695729382e-01
-6.8101357687e-01
112
7.4731645651e-02
-6.1737575803e-01
-4.8592463687e-01
2.1065809766e+03
1.2211985932e+00
3.9616324309e-01
113
-4.3052330582e-02
4.7402157470e-01
2.8125009684e-01
1.4383341374e+03
-1.0854291409e-01
-5.6379635004e-01
114
-1.7517475270e-02
2.1868823025e-01
9.5993039104e-02
4.7275576318e+02
-1.6501263734e-01
-2.1063318333e-01
120
-1.4653244002e-01
-2.7668200478e-01
-9.2226323973e-01
6.9465121291e+02
3.1536171713e-01
-1.5452740053e-03
121
-1.0542693666e-02
4.8769153664e-01
7.2226530454e-01
1.5641951392e+03
8.3555352752e-02
-6.6874497721e-01
122
2.0645334277e-01
5.4608901992e-01
4.8728121746e-01
1.9078342391e+03
3.0299818268e-01
-7.3726454564e-01
123
-1.3041227080e-01
-4.9150043598e-01
-2.8750564855e-01
1.4454734889e+03
4.3857478474e-01
4.9815904618e-01
124
-5.1532666400e-02
-2.1382715243e-01
-9.9526544581e-02
4.6717419470e+02
2.0357058595e-02
2.2961436014e-01
130
-8.4015974954e-02
-2.9783284304e-01
-9.2698970394e-01
7.1224321168e+02
4.1218527161e-01
9.9885427193e-03
131
-1.6535334144e-01
5.0264901513e-01
7.2934546600e-01
1.5774844343e+03
-1.4545137918e-01
-6.9012886772e-01
132
-2.2902381434e-02
5.8526689565e-01
5.0359582260e-01
1.9532015427e+03
-4.4004317243e-02
-7.7454481028e-01
133
1.4373447765e-01
-4.9729275162e-01
-2.7621218527e-01
1.6214910371e+03
8.6910735498e-01
4.9035796213e-01
134
2.9793188016e-02
2.1779280930e-01
9.9508302896e-02
4.6697250251e+02
2.3192600580e-03
-2.3046923375e-01
140
-3.1154034005e-02
-3.1741016281e-01
-9.2480671320e-01
7.3344698956e+02
5.4006382000e-01
2.6857860949e-02
141
-2.4763877073e-01
4.9730177796e-01
7.2145021125e-01
1.5762486879e+03
-4.6155347651e-01
-7.2620984712e-01
142
-1.4726967651e-01
5.9959193206e-01
5.0333905636e-01
2.0333900659e+03
-5.5881799732e-01
-8.5874460833e-01
143
-1.4497143855e-02
5.0840072919e-01
2.8750580939e-01
1.4454036073e+03
-2.7950045253e-01
-6.0198107379e-01
144
1.2056169464e-01
-2.1441563930e-01
-9.3864412045e-02
5.0822883394e+02
3.2782226572e-01
2.6276424671e-01
150
2.1421732154e-02
-2.8579314810e-01
-9.1589991055e-01
7.4522164525e+02
6.0675996958e-01
3.3995460526e-02
151
-3.4898793709e-01
4.2058828195e-01
7.0263405947e-01
1.5597217744e+03
-6.4482679157e-01
-7.3981460217e-01
152
-3.5471058993e-01
5.1171179434e-01
4.8592920446e-01
2.1046537608e+03
-8.9510893855e-01
-9.1996526527e-01
153
-2.7438529463e-01
4.3938485493e-01
2.7613076083e-01
1.6197315593e+03
-7.0304357572e-01
-7.0809165491e-01
154
-1.4050900994e-01
2.0193051525e-01
9.3846665461e-02
5.0829933386e+02
-3.0214861099e-01
-2.9245809274e-01
160
2.1636211966e-02
2.8545106762e-01
9.1593820911e-01
7.4484937718e+02
6.0697140010e-01
-3.4560467406e-02
161
-3.4943761878e-01
-4.2036024541e-01
-7.0268216864e-01
1.5601676595e+03
-6.4520141894e-01
7.4036506111e-01
162
-3.5513789027e-01
-5.1186073812e-01
-4.8596318268e-01
2.1057463506e+03
-8.9547401408e-01
9.2005234973e-01
163
-2.7442234485e-01
-4.3951002182e-01
-2.7614511359e-01
1.6204493135e+03
-7.0305842157e-01
7.0806458538e-01
164
-1.4057801309e-01
-2.0193547653e-01
-9.3848114353e-02
5.0839678679e+02
-3.0221631897e-01
2.9246264740e-01
170
-3.1069341863e-02
3.1734701347e-01
9.2479652008e-01
7.3341848155e+02
5.4014780150e-01
-2.6859327832e-02
171
-2.4778099942e-01
-4.9725686861e-01
-7.2142217811e-01
1.5756565586e+03
-4.6173769700e-01
7.2606310710e-01
172
-1.4736920409e-01
-5.9945765177e-01
-5.0339030682e-01
2.0335197665e+03
-5.5882870603e-01
8.5923938940e-01
173
-1.4589114419e-02
-5.0838911990e-01
-2.8747348480e-01
1.4452469220e+03
-2.7963718584e-01
6.0177004360e-01
174
1.2067441181e-01
2.1431837209e-01
9.3874640459e-02
5.0861619713e+02
3.2793705612e-01
-2.6292713261e-01
180
-8.3899901778e-02
2.9770746334e-01
9.2698895007e-01
7.1169982759e+02
4.1230083003e-01
-1.0109021171e-02
181
-1.6523021920e-01
-5.0255065606e-01
-7.2933344504e-01
1.5776237020e+03
-1.4533808691e-01
6.9014334818e-01
182
-2.2799352938e-02
-5.8519541616e-01
-5.0363431801e-01
1.9535810367e+03
-4.3863372812e-02
7.7488647669e-01
183
1.4369469692e-01
4.9739670172e-01
2.7617971458e-01
1.6216466490e+03
8.6902333134e-01
-4.9005034791e-01
184
2.9749702871e-02
-2.1794906222e-01
-9.9552435237e-02
4.6746173135e+02
2.2790149798e-03
2.3062301351e-01
190
-1.4666378741e-01
2.7668454036e-01
9.2221007847e-01
6.9530547765e+02
3.1518252657e-01
1.8952569661e-03
191
-1.0559666817e-02
-4.8776020496e-01
-7.2219317796e-01
1.5644800295e+03
8.3500066857e-02
6.6817838184e-01
192
2.0645194624e-01
-5.4623219794e-01
-4.8718996030e-01
1.9088954234e+03
3.0293673541e-01
7.3649159466e-01
193
-1.3039097062e-01
4.9109459483e-01
2.8743585212e-01
1.4454625757e+03
4.3848340311e-01
-4.9811618947e-01
194
-5.1498061566e-02
2.1355571618e-01
9.9463681176e-02
4.6648267342e+02
2.0324511242e-02
-2.2945042084e-01
200
-7.4261019397e-02
2.6237844170e-01
9.2231622101e-01
6.8714293697e+02
2.6312384873e-01
-5.3170129978e-03
201
-1.9615796883e-01
-5.3160585799e-01
-7.2289736740e-01
1.5909267312e+03
2.1692288422e-01
6.8132004180e-01
202
7.4938154146e-02
6.1731339929e-01
4.8588925651e-01
2.1061855996e+03
1.2213117529e+00
-3.9601858514e-01
203
-4.2952628988e-02
-4.7416482479e-01
-2.8125821452e-01
1.4385136830e+03
-1.0844797882e-01
5.6371043583e-01
204
-1.7512610631e-02
-2.1858231900e-01
-9.5968290457e-02
4.7237309267e+02
-1.6497817908e-01
2.1056226362e-01
210
-1.3927669958e-01
2.5299510931e-01
9.2488359114e-01
6.8532094483e+02
1.7248706193e-01
-2.9925556330e-02
211
-4.7188201739e-02
-5.5145440127e-01
-7.3479863438e-01
1.6766849294e+03
4.3829045489e-01
7.5196314032e-01
212
-1.5944122563e-01
5.9548976296e-01
5.0332339743e-01
2.0335085704e+03
9.0445255432e-01
-4.8337472946e-01
213
2.3591824647e-01
-4.2224569474e-01
-2.7561268110e-01
1.5187081587e+03
3.4816810841e-01
6.4656259888e-01
214
-3.6483104451e-03
2.1920128738e-01
9.5953274053e-02
4.7255170840e+02
1.8422543296e-01
-1.9373605677e-01
220
-1.7129436078e-01
2.2984639668e-01
9.2042494084e-01
6.7570018141e+02
4.5784292434e-02
-6.5443307822e-02
221
7.5377351024e-02
-5.7934635853e-01
-7.3259270165e-01
1.7971088908e+03
7.4471490279e-01
8.5762679232e-01
222
-2.6217955084e-01
5.2418361929e-01
5.0363986825e-01
1.9534406742e+03
4.1268115147e-01
-6.5689013642e-01
223
-9.0478914082e-02
4.6739950536e-01
2.8125104715e-01
1.4375728165e+03
2.6049529090e-01
-5.1147033986e-01
224
1.5287800832e-01
-1.7789638129e-01
-9.3207560752e-02
4.9251674195e+02
1.5059335975e-01
3.0483607223e-01
230
-2.0061036229e-01
1.8390057100e-01
9.1161511553e-01
6.6499568004e+02
-2.7007692153e-02
-8.2966407295e-02
231
2.0222542402e-01
-4.9010092404e-01
-7.1578064239e-01
1.8790640174e+03
9.1957841842e-01
9.2419384984e-01
232
-4.3877789894e-01
3.8691704485e-01
4.8725773580e-01
1.9084017930e+03
7.6722880048e-02
-7.9213229192e-01
233
-3.4281467865e-01
3.4246066173e-01
2.7559880131e-01
1.5187016112e+03
-1.6001775483e-01
-7.1647027103e-01
234
-1.6898308461e-01
1.6253242075e-01
9.3151215995e-02
4.9182402564e+02
-1.2195550514e-01
-3.1753371216e-01
240
-2.1681946924e-02
2.7102357307e-01
9.1166335437e-01
6.6391529410e+02
8.3114406149e-02
-2.9946555646e-02
241
-4.3147954510e-03
5.4571514437e-01
7.0264076742e-01
1.5603642982e+03
9.7136543010e-01
-1.4869231826e-01
242
-1.5396940412e-01
-6.3435495947e-01
-5.0457542731e-01
1.7988161761e+03
-3.7033534459e-01
6.7774591300e-01
243
-5.7163511280e-02
-4.9809822802e-01
-2.8821176305e-01
1.4408628797e+03
-5.9343682176e-01
4.0270655920e-01
244
-1.2116524232e-02
-2.3680220631e-01
-9.7971787910e-02
4.7853070824e+02
-3.1440280045e-01
1.2833927539e-01
250
-7.8522039740e-02
2.7570756890e-01
9.2048425574e-01
6.7520901941e+02
2.5271676871e-02
-7.6206045354e-02
251
-1.4123206630e-01
5.3722523441e-01
7.2144114217e-01
1.5765711982e+03
8.2744564108e-01
-2.4011497164e-01
252
4.8774682953e-02
-6.0476607191e-01
-5.2067529968e-01
1.9163131545e+03
-7.0573747813e-02
8.4348383284e-01
253
1.9260755814e-01
-3.9344808492e-01
-2.8848909084e-01
1.4251112788e+03
-1.7229045921e-01
5.7777218384e-01
254
-1.1480539378e-02
2.3713652047e-01
9.8045480728e-02
4.7951027605e+02
3.2534699128e-01
-9.7112169742e-02
260
-1.1813075222e-01
2.6472040640e-01
9.2483286119e-01
6.8639430495e+02
-8.0089669332e-02
-1.5424686809e-01
261
-2.1154289899e-01
4.8631603404e-01
7.2928993107e-01
1.5792949009e+03
5.6818891416e-01
-4.1601837788e-01
262
1.9628963875e-01
-6.1960436427e-01
-5.2049814430e-01
2.1376656177e+03
3.5296405936e-01
1.1040745484e+00
263
-8.7007958285e-02
4.9427249681e-01
2.8830411476e-01
1.4414654790e+03
6.8362800204e-01
-2.1740770955e-01
264
1.3623985453e-01
-1.5710604525e-01
-9.7995005772e-02
4.7570253981e+02
-2.8219940598e-02
2.7902855541e-01
270
-1.6461916092e-01
2.1857439673e-01
9.2228401489e-01
6.8750336426e+02
-1.5518544293e-01
-2.1182598617e-01
271
-3.1523095691e-01
3.7388920077e-01
7.2224323270e-01
1.5638469723e+03
3.7855791936e-01
-5.5589692776e-01
272
3.7418963075e-01
-4.6548800428e-01
-5.0225150416e-01
2.3397598121e+03
6.0749532461e-01
1.2869030587e+00
273
-2.9704679939e-01
3.2252524517e-01
2.8840149123e-01
1.4237952493e+03
3.2865056642e-01
-5.0431451444e-01
274
-1.5103292357e-01
1.4277416708e-01
9.7947994556e-02
4.7475810159e+02
5.5093042199e-02
-2.7492721918e-01
280
-1.3251687639e-01
2.8446379504e-01
9.2229734586e-01
6.9403344704e+02
-1.9205600199e-01
-2.5000098393e-01
281
-2.0593813796e-01
5.2958984987e-01
7.2280869787e-01
1.5921474079e+03
2.8620073123e-01
-6.5288154249e-01
282
-1.7278117026e-01
6.3018280765e-01
5.0454268390e-01
1.7984519544e+03
6.5075083646e-01
-4.1367897287e-01
283
2.3157040400e-01
-4.6475681658e-01
-3.0565339193e-01
1.4439268710e+03
-7.1905530358e-02
7.4521635040e-01
284
1.0936532065e-01
-1.8249480254e-01
-1.0744510179e-01
4.5964869270e+02
-1.6215412085e-01
1.9718447847e-01
290
-1.8858055809e-01
2.4636979468e-01
9.2695277112e-01
7.1202664449e+02
-2.4042028747e-01
-3.3510207532e-01
291
-3.3655364382e-01
4.4137668721e-01
7.3463786903e-01
1.6768595752e+03
1.7612032417e-01
-8.5056506409e-01
292
-3.4453597059e-01
5.0041604841e-01
5.2059801343e-01
1.9150579116e+03
4.7898929038e-01
-6.9626481810e-01
293
3.9913992577e-01
-2.7603695239e-01
-2.9088640498e-01
1.7100386409e+03
1.7397989352e-01
1.0435996389e+00
294
-1.2835666359e-01
1.6936188850e-01
1.0739542153e-01
4.5910581262e+02
1.8205797235e-01
-1.7880499366e-01
300
-2.3556305346e-01
2.1610841584e-01
9.2469010668e-01
7.3400464214e+02
-3.0516622676e-01
-4.4681775537e-01
301
-4.4515277834e-01
3.8035693078e-01
7.3244252994e-01
1.7979765396e+03
1.7332807641e-02
-1.1351172259e+00
302
-4.7946990700e-01
4.3928054437e-01
5.2036762462e-01
2.1363778463e+03
2.4098015397e-01
-1.1336617294e+00
303
-3.6083199713e-01
3.7320170007e-01
3.0554762509e-01
1.4420000972e+03
2.9205969924e-01
-6.8904689658e-01
304
2.1581596325e-01
-6.0121104201e-02
-1.0051345034e-01
5.2121862813e+02
-1.8215470165e-02
4.3782843422e-01
310
-2.4034058312e-01
1.5673934187e-01
9.1585267136e-01
7.4593074073e+02
-3.4348032595e-01
-5.0210542692e-01
311
-4.7477716196e-01
2.3607515738e-01
7.1570880024e-01
1.8783761181e+03
-8.8454209355e-02
-1.3016345374e+00
312
-5.5183501458e-01
2.2630752357e-01
5.0221784314e-01
2.3400733063e+03
8.7061233000e-02
-1.4218825459e+00
313
-4.6063259282e-01
1.4917336626e-01
2.9085373442e-01
1.7095917615e+03
1.3335063226e-01
-1.0503547432e+00
314
-2.2041567218e-01
3.7819480280e-02
1.0047401560e-01
5.2122038736e+02
6.2198369664e-02
-4.3400691190e-01
