00
-6.7436852596e-03
-4.5279521486e-02
-1.4816038778e-01
1.7182435000e+01
-1.2498336315e-02
7.1161703746e-03
01
-1.1773268340e-02
-7.6108527644e-02
-1.0606319898e-01
3.5783309585e+01
-8.5163085359e-03
9.0144289016e-02
02
-1.0957789995e-02
-7.0893246596e-02
-6.0922870258e-02
3.3650704177e+01
-5.7247153655e-03
8.5984343648e-02
03
-5.7907679161e-03
-3.4768317637e-02
-2.0781697036e-02
1.1916091815e+01
-2.9049506543e-03
3.7872411934e-02
10
-4.4549866872e-03
-4.5615536827e-02
-1.4819193205e-01
1.7173454239e+01
-8.8483409163e-03
6.6281434791e-03
11
-6.4680975815e-03
-7.6807477418e-02
-1.0609876796e-01
3.5721609469e+01
3.0819009064e-04
8.8848538142e-02
12
-3.6483935121e-03
-7.1746750493e-02
-6.0935904604e-02
3.3507007694e+01
7.4097469571e-03
8.3999319588e-02
13
4.9960691905e-03
3.4803433423e-02
2.0762461063e-02
1.1886988497e+01
3.6329809763e-03
-3.7767406048e-02
20
-3.6612499962e-03
-4.5605677475e-02
-1.4819083353e-01
1.7157693016e+01
-3.9767080393e-03
5.9675515509e-03
21
-5.1783770753e-03
-7.6783394329e-02
-1.0608622309e-01
3.5659067034e+01
1.2217035464e-02
8.7296860673e-02
22
6.5733470605e-03
7.1312818637e-02
6.0894037877e-02
3.3593376092e+01
1.0913532201e-02
-8.5420593541e-02
23
-1.5811722287e-03
-3.5110766940e-02
-2.0770720254e-02
1.1868312244e+01
5.9882773545e-03
3.6587159886e-02
30
-1.3571709553e-03
-4.5712225773e-02
-1.4816668336e-01
1.7141983641e+01
-3.1277585074e-04
5.6149821917e-03
31
1.1990340445e-04
-7.7109576500e-02
-1.0602544653e-01
3.5634937667e+01
2.1047226601e-02
8.6419639224e-02
32
-7.1275877292e-04
7.1851044598e-02
6.0943981497e-02
3.3502757983e+01
-2.2686741299e-03
-8.4327576508e-02
33
8.4244389890e-04
3.5130485304e-02
2.0772977595e-02
1.1869735531e+01
-5.2372784372e-03
-3.6722668191e-02
40
-5.3716873661e-03
-4.5461189373e-02
-1.4816927323e-01
1.7162772845e+01
1.1734914150e-03
5.4733059425e-03
41
3.6741154304e-03
7.6937032652e-02
1.0606179568e-01
3.5792247063e+01
1.8035928911e-02
-8.8717956929e-02
42
-6.6716855335e-03
-7.1393817797e-02
-6.0895286819e-02
3.3570648188e+01
6.2356642898e-03
8.3888738838e-02
43
-2.8720842728e-03
-3.5096392415e-02
-2.0759693900e-02
1.1906080648e+01
-7.1178021426e-04
3.7065057915e-02
50
-3.0656993665e-03
-4.5616240708e-02
-1.4818777102e-01
1.7160334034e+01
4.8600820355e-03
5.3268434995e-03
51
-1.6808450035e-03
7.7016663630e-02
1.0608888239e-01
3.5704519561e+01
9.1248638196e-03
-8.8366349580e-02
52
7.0968786633e-04
-7.1621089219e-02
-6.0843784550e-02
3.3542874680e+01
1.9532145269e-02
8.3173201742e-02
53
2.0428885904e-03
3.5008529186e-02
2.0727965455e-02
1.1858702722e+01
1.3870005072e-03
-3.6992186842e-02
60
-2.2574704154e-03
-4.5783584841e-02
-1.4818701983e-01
1.7173200621e+01
9.8007526931e-03
5.2094494030e-03
61
-2.9525597976e-03
7.6855759577e-02
1.0608780015e-01
3.5664120016e+01
-2.8760593525e-03
-8.8153456272e-02
62
2.2854600231e-03
7.1526703321e-02
6.0871481488e-02
3.3518987268e+01
-1.1490496794e-03
-8.4110899206e-02
63
1.3377502484e-03
-3.5187336689e-02
-2.0740315061e-02
1.1882220762e+01
8.2710562632e-03
3.6808615886e-02
70
1.9139850195e-05
-4.5752510861e-02
-1.4814937065e-01
1.7171586573e+01
1.3444200951e-02
5.1538759234e-03
71
-8.2439858163e-03
7.6649496414e-02
1.0601461807e-01
3.5615919180e+01
-1.1749217047e-02
-8.8111270060e-02
72
-5.0506421531e-03
7.1479688819e-02
6.0849957385e-02
3.3532209517e+01
-1.4425172805e-02
-8.4209688267e-02
73
-2.1027934516e-03
3.5109691304e-02
2.0729842534e-02
1.1869234205e+01
-7.5417018807e-03
-3.6951840718e-02
80
3.1725644448e-05
4.5742140383e-02
1.4815445019e-01
1.7186851324e+01
1.3457312040e-02
-5.1945743008e-03
81
-8.2563741573e-03
-7.6670845763e-02
-1.0602317072e-01
3.5663722592e+01
-1.1760644977e-02
8.8141129948e-02
82
-5.0488699084e-03
-7.1532688535e-02
-6.0863920965e-02
3.3581496297e+01
-1.4421958977e-02
8.4240377870e-02
83
-2.0871251254e-03
-3.5167758815e-02
-2.0743816513e-02
1.1893700133e+01
-7.5257595115e-03
3.6977469867e-02
90
-2.2421774426e-03
4.5786683888e-02
1.4818785187e-01
1.7179660235e+01
9.8161751179e-03
-5.2113231122e-03
91
-2.9933772083e-03
-7.6865840652e-02
-1.0608932699e-01
3.5681931503e+01
-2.9167845008e-03
8.8152518699e-02
92
2.2433152940e-03
-7.1530863108e-02
-6.0871721581e-02
3.3532476930e+01
-1.1911821514e-03
8.4108178062e-02
93
1.3509166561e-03
3.5167521039e-02
2.0736687092e-02
1.1885173839e+01
8.2835820733e-03
-3.6806730295e-02
100
-3.0659427579e-03
4.5648542777e-02
1.4820327194e-01
1.7162339263e+01
4.8646820095e-03
-5.3872470899e-03
101
-1.6611726903e-03
-7.7127130059e-02
-1.0611436841e-01
3.5746031403e+01
9.1420892704e-03
8.8408232935e-02
102
6.9545384213e-04
7.1754069914e-02
6.0881990498e-02
3.3612438567e+01
1.9533819268e-02
-8.3268301150e-02
103
2.0722063053e-03
-3.5124261267e-02
-2.0758364350e-02
1.1909451603e+01
1.4105614168e-03
3.7058521128e-02
110
-5.3442680345e-03
4.5472069516e-02
1.4817029502e-01
1.7165308004e+01
1.2012831867e-03
-5.4685335034e-03
111
3.6540723628e-03
-7.6956207777e-02
-1.0606687371e-01
3.5812470702e+01
1.8015134845e-02
8.8729095962e-02
112
-6.6315495865e-03
7.1401505600e-02
6.0897363049e-02
3.3592029310e+01
6.2767736780e-03
-8.3893448448e-02
113
-2.8427255385e-03
3.5097071896e-02
2.0760551886e-02
1.1917261166e+01
-6.8209053256e-04
-3.7069510795e-02
120
-1.3733824937e-03
4.5693498349e-02
1.4817313823e-01
1.7142626965e+01
-3.2528690332e-04
-5.6722112941e-03
121
1.0632472029e-04
7.7086110579e-02
1.0603287160e-01
3.5649325675e+01
2.1038737736e-02
-8.6487246206e-02
122
-7.0626741800e-04
-7.1843426704e-02
-6.0949514587e-02
3.3522943812e+01
-2.2642064715e-03
8.4368212303e-02
123
8.3896933899e-04
-3.5130353609e-02
-2.0775971291e-02
1.1877875413e+01
-5.2421003921e-03
3.6740677868e-02
130
-3.6193757547e-03
4.5562136143e-02
1.4820836819e-01
1.7141361784e+01
-3.9238630704e-03
-6.1156266169e-03
131
-5.1358697212e-03
7.6743549252e-02
1.0610712966e-01
3.5655034901e+01
1.2274975554e-02
-8.7460970955e-02
132
6.5483184335e-03
-7.1343787550e-02
-6.0922139585e-02
3.3615130828e+01
1.0876779068e-02
8.5557023797e-02
133
-1.5836750240e-03
3.5128366436e-02
2.0782943791e-02
1.1880093269e+01
5.9936681314e-03
-3.6642335230e-02
140
-4.4793580882e-03
4.5626892337e-02
1.4819690551e-01
1.7167677655e+01
-8.8688290971e-03
-6.6463222675e-03
141
-6.5181957537e-03
7.6841153295e-02
1.0610895478e-01
3.5724077463e+01
2.6720115565e-04
-8.8875241796e-02
142
-3.7008744956e-03
7.1786651302e-02
6.0949059745e-02
3.3527667210e+01
7.3688992747e-03
-8.4037335787e-02
143
5.0312035451e-03
-3.4842500144e-02
-2.0773960290e-02
1.1907302337e+01
3.6605726899e-03
3.7796591408e-02
150
-6.7384789859e-03
4.5292815884e-02
1.4814920090e-01
1.7194790826e+01
-1.2502430869e-02
-7.0365800636e-03
151
-1.1740491461e-02
7.6116282685e-02
1.0604695375e-01
3.5778119861e+01
-8.4988874233e-03
-9.0040407456e-02
152
-1.0910220062e-02
7.0890248302e-02
6.0908492491e-02
3.3620976948e+01
-5.6906012628e-03
-8.5902294067e-02
153
-5.7527596611e-03
3.4752657289e-02
2.0772739334e-02
1.1902657117e+01
-2.8745712864e-03
-3.7835064369e-02
