Statei,Action,Staten,xcmi,ycmi,xcmn,ycmn,thetai,thetan
6,0,2,2.2500000000e+02,2.2500000000e+02,2.2438231351e+02,2.2536588131e+02,0.0000000000e+00,1.8786191208e+00
2,1,0,2.2438231351e+02,2.2536588131e+02,2.2351703486e+02,2.2548152802e+02,1.8786191208e+00,3.0102943555e+00
0,0,4,2.2351703486e+02,2.2548152802e+02,2.2415179539e+02,2.2543732366e+02,3.0102943555e+00,1.2259901708e+00
4,1,6,2.2415179539e+02,2.2543732366e+02,2.2489356537e+02,2.2474013128e+02,1.2259901708e+00,7.9629269900e-02
6,1,4,2.2489356537e+02,2.2474013128e+02,2.2415111861e+02,2.2543747357e+02,7.9629269900e-02,1.2259363443e+00
4,2,5,2.2415111861e+02,2.2543747357e+02,2.2469063728e+02,2.2520796123e+02,1.2259363443e+00,7.8815418978e-01
5,0,1,2.2469063728e+02,2.2520796123e+02,2.2397502783e+02,2.2516550605e+02,7.8815418978e-01,2.6667740197e+00
1,2,0,2.2397502783e+02,2.2516550605e+02,2.2340248707e+02,2.2522593910e+02,2.6667740197e+00,3.1606487525e+00
0,0,4,2.2340248707e+02,2.2522593910e+02,2.2403670757e+02,2.2527731331e+02,3.1606487525e+00,1.3763445678e+00
4,0,0,2.2403670757e+02,2.2527731331e+02,2.2340267524e+02,2.2522547634e+02,1.3763445678e+00,3.1604654051e+00
0,0,4,2.2340267524e+02,2.2522547634e+02,2.2403690515e+02,2.2527673427e+02,3.1604654051e+00,1.3761612204e+00
4,2,5,2.2403690515e+02,2.2527673427e+02,2.2460469639e+02,2.2513055144e+02,1.3761612204e+00,9.3837906587e-01
5,1,7,2.2460469639e+02,2.2513055144e+02,2.2546148085e+02,2.2496363254e+02,9.3837906587e-01,-1.9324819793e-01
7,2,6,2.2546148085e+02,2.2496363254e+02,2.2488828965e+02,2.2500373691e+02,-1.9324819793e-01,3.0037333100e-01
6,2,7,2.2488828965e+02,2.2500373691e+02,2.2546291468e+02,2.2496355131e+02,3.0037333100e-01,-1.9346011643e-01
7,0,3,2.2546291468e+02,2.2496355131e+02,2.2484671823e+02,2.2512501502e+02,-1.9346011643e-01,1.5907953588e+00
3,1,1,2.2484671823e+02,2.2512501502e+02,2.2392110242e+02,2.2470056573e+02,1.5907953588e+00,2.7371905603e+00
1,1,3,2.2392110242e+02,2.2470056573e+02,2.2484737441e+02,2.2512462977e+02,2.7371905603e+00,1.5908281934e+00
3,1,1,2.2484737441e+02,2.2512462977e+02,2.2392177253e+02,2.2470015010e+02,1.5908281934e+00,2.7372233949e+00
1,1,3,2.2392177253e+02,2.2470015010e+02,2.2484803060e+02,2.2512424455e+02,2.7372233949e+00,1.5908610280e+00
3,0,7,2.2484803060e+02,2.2512424455e+02,2.2546423870e+02,2.2496305407e+02,1.5908610280e+00,-1.9325188713e-01
7,1,5,2.2546423870e+02,2.2496305407e+02,2.2460877520e+02,2.2512843890e+02,-1.9325188713e-01,9.3846225547e-01
5,0,1,2.2460877520e+02,2.2512843890e+02,2.2390759160e+02,2.2497930508e+02,9.3846225547e-01,2.8170820854e+00
1,0,5,2.2390759160e+02,2.2497930508e+02,2.2460947710e+02,2.2512878088e+02,2.8170820854e+00,9.3841852167e-01
5,1,7,2.2460947710e+02,2.2512878088e+02,2.2546626814e+02,2.2496189578e+02,9.3841852167e-01,-1.9320874213e-01
7,2,6,2.2546626814e+02,2.2496189578e+02,2.2489307536e+02,2.2500197754e+02,-1.9320874213e-01,3.0041278680e-01
6,0,2,2.2489307536e+02,2.2500197754e+02,2.2419478272e+02,2.2516869023e+02,3.0041278680e-01,2.1790319076e+00
2,2,3,2.2419478272e+02,2.2516869023e+02,2.2476619147e+02,2.2530078947e+02,2.1790319076e+00,1.7410932224e+00
3,0,7,2.2476619147e+02,2.2530078947e+02,2.2539958383e+02,2.2523364104e+02,1.7410932224e+00,-4.3019692660e-02
7,1,5,2.2539958383e+02,2.2523364104e+02,2.2452900320e+02,2.2526912777e+02,-4.3019692660e-02,1.0886944499e+00
5,1,7,2.2452900320e+02,2.2526912777e+02,2.2540112257e+02,2.2523239451e+02,1.0886944499e+00,-4.2932813860e-02
7,2,6,2.2540112257e+02,2.2523239451e+02,2.2482838911e+02,2.2518621130e+02,-4.2932813860e-02,4.5068871507e-01
6,0,2,2.2482838911e+02,2.2518621130e+02,2.2411300764e+02,2.2524650304e+02,4.5068871507e-01,2.3293078359e+00
2,1,0,2.2411300764e+02,2.2524650304e+02,2.2328375535e+02,2.2497369922e+02,2.3293078359e+00,3.4609830706e+00
0,1,2,2.2328375535e+02,2.2497369922e+02,2.2411048249e+02,2.2524489519e+02,3.4609830706e+00,2.3292612814e+00
2,1,0,2.2411048249e+02,2.2524489519e+02,2.2328121750e+02,2.2497212997e+02,2.3292612814e+00,3.4609365161e+00
0,0,4,2.2328121750e+02,2.2497212997e+02,2.2387186128e+02,2.2520880458e+02,3.4609365161e+00,1.6766323314e+00
4,2,5,2.2387186128e+02,2.2520880458e+02,2.2445747963e+02,2.2523722047e+02,1.6766323314e+00,1.2388501769e+00
5,0,1,2.2445747963e+02,2.2523722047e+02,2.2383182111e+02,2.2488729084e+02,1.2388501769e+00,3.1174700068e+00
1,2,0,2.2383182111e+02,2.2488729084e+02,2.2329012773e+02,2.2469229506e+02,3.1174700068e+00,3.6113447396e+00
0,2,1,2.2329012773e+02,2.2469229506e+02,2.2382977198e+02,2.2488703678e+02,3.6113447396e+00,3.1178285249e+00
1,0,5,2.2382977198e+02,2.2488703678e+02,2.2445587409e+02,2.2523772525e+02,3.1178285249e+00,1.2391649612e+00
5,2,4,2.2445587409e+02,2.2523772525e+02,2.2386972689e+02,2.2520884899e+02,1.2391649612e+00,1.6772459873e+00
4,0,0,2.2386972689e+02,2.2520884899e+02,2.2327954531e+02,2.2497142577e+02,1.6772459873e+00,3.4613668246e+00
0,0,4,2.2327954531e+02,2.2497142577e+02,2.2387008720e+02,2.2520835451e+02,3.4613668246e+00,1.6770626399e+00
4,0,0,2.2387008720e+02,2.2520835451e+02,2.2327986211e+02,2.2497103951e+02,1.6770626399e+00,3.4611834772e+00
0,1,2,2.2327986211e+02,2.2497103951e+02,2.2410653489e+02,2.2524240116e+02,3.4611834772e+00,2.3294616880e+00
2,1,0,2.2410653489e+02,2.2524240116e+02,2.2327732457e+02,2.2496946976e+02,2.3294616880e+00,3.4611369227e+00
0,2,1,2.2327732457e+02,2.2496946976e+02,2.2384003428e+02,2.2508126437e+02,3.4611369227e+00,2.9676207081e+00
1,0,5,2.2384003428e+02,2.2508126437e+02,2.2451156478e+02,2.2533431191e+02,2.9676207081e+00,1.0889571444e+00
5,0,1,2.2451156478e+02,2.2533431191e+02,2.2384066591e+02,2.2508173709e+02,1.0889571444e+00,2.9675769743e+00
1,1,3,2.2384066591e+02,2.2508173709e+02,2.2464562754e+02,2.2570611428e+02,2.9675769743e+00,1.8212146074e+00
3,0,7,2.2464562754e+02,2.2570611428e+02,2.2528236225e+02,2.2568987526e+02,1.8212146074e+00,3.7101692250e-02
7,1,5,2.2528236225e+02,2.2568987526e+02,2.2441173424e+02,2.2565557063e+02,3.7101692250e-02,1.1688158349e+00
5,2,4,2.2441173424e+02,2.2565557063e+02,2.2382500711e+02,2.2566796672e+02,1.1688158349e+00,1.6068968610e+00
4,2,5,2.2382500711e+02,2.2566796672e+02,2.2441118208e+02,2.2565550827e+02,1.6068968610e+00,1.1691147064e+00
5,0,1,2.2441118208e+02,2.2565550827e+02,2.2376266151e+02,2.2535002439e+02,1.1691147064e+00,3.0477345363e+00
1,1,3,2.2376266151e+02,2.2535002439e+02,2.2451504352e+02,2.2603685146e+02,3.0477345363e+00,1.9013721694e+00
3,1,1,2.2451504352e+02,2.2603685146e+02,2.2376342658e+02,2.2534983341e+02,1.9013721694e+00,3.0477673709e+00
1,1,3,2.2376342658e+02,2.2534983341e+02,2.2451578604e+02,2.2603668518e+02,3.0477673709e+00,1.9014050040e+00
3,1,1,2.2451578604e+02,2.2603668518e+02,2.2376419166e+02,2.2534964245e+02,1.9014050040e+00,3.0478002055e+00
1,2,0,2.2376419166e+02,2.2534964245e+02,2.2321023808e+02,2.2519282886e+02,3.0478002055e+00,3.5416749384e+00
0,2,1,2.2321023808e+02,2.2519282886e+02,2.2376212981e+02,2.2534953165e+02,3.5416749384e+00,3.0481587237e+00
1,2,0,2.2376212981e+02,2.2534953165e+02,2.2320823249e+02,2.2519251947e+02,3.0481587237e+00,3.5420334565e+00
0,0,4,2.2320823249e+02,2.2519251947e+02,2.2377776254e+02,2.2547626315e+02,3.5420334565e+00,1.7577292718e+00
4,2,5,2.2377776254e+02,2.2547626315e+02,2.2435915430e+02,2.2555202547e+02,1.7577292718e+00,1.3199471173e+00
5,1,7,2.2435915430e+02,2.2555202547e+02,2.2521647706e+02,2.2571615721e+02,1.3199471173e+00,1.8831985348e-01
7,0,3,2.2521647706e+02,2.2571615721e+02,2.2458448794e+02,2.2563641793e+02,1.8831985348e-01,1.9725753287e+00
3,1,1,2.2458448794e+02,2.2563641793e+02,2.2388365204e+02,2.2489766840e+02,1.9725753287e+00,3.1189705302e+00
1,2,0,2.2388365204e+02,2.2489766840e+02,2.2334225187e+02,2.2470186001e+02,3.1189705302e+00,3.6128452630e+00
0,0,4,2.2334225187e+02,2.2470186001e+02,2.2389027900e+02,2.2502518836e+02,3.6128452630e+00,1.8285410783e+00
4,0,0,2.2389027900e+02,2.2502518836e+02,2.2334262333e+02,2.2470152598e+02,1.8285410783e+00,3.6126619156e+00
0,2,1,2.2334262333e+02,2.2470152598e+02,2.2388201060e+02,2.2489697834e+02,3.6126619156e+00,3.1191457009e+00
1,0,5,2.2388201060e+02,2.2489697834e+02,2.2450765025e+02,2.2524849120e+02,3.1191457009e+00,1.2404821372e+00
5,0,1,2.2450765025e+02,2.2524849120e+02,2.2388256363e+02,2.2489754099e+02,1.2404821372e+00,3.1191019671e+00
1,0,5,2.2388256363e+02,2.2489754099e+02,2.2450821865e+02,2.2524902648e+02,3.1191019671e+00,1.2404384034e+00
5,0,1,2.2450821865e+02,2.2524902648e+02,2.2388311669e+02,2.2489810360e+02,1.2404384034e+00,3.1190582333e+00
1,0,5,2.2388311669e+02,2.2489810360e+02,2.2450878708e+02,2.2524956173e+02,3.1190582333e+00,1.2403946696e+00
5,0,1,2.2450878708e+02,2.2524956173e+02,2.2388366977e+02,2.2489866620e+02,1.2403946696e+00,3.1190144995e+00
1,2,0,2.2388366977e+02,2.2489866620e+02,2.2334227821e+02,2.2470283401e+02,3.1190144995e+00,3.6128892323e+00
0,0,4,2.2334227821e+02,2.2470283401e+02,2.2389029112e+02,2.2502618645e+02,3.6128892323e+00,1.8285850476e+00
4,2,5,2.2389029112e+02,2.2502618645e+02,2.2446486034e+02,2.2514291916e+02,1.8285850476e+00,1.3908028931e+00
5,1,7,2.2446486034e+02,2.2514291916e+02,2.2530841192e+02,2.2536733451e+02,1.3908028931e+00,2.5917562932e-01
7,1,5,2.2530841192e+02,2.2536733451e+02,2.2446671984e+02,2.2514211378e+02,2.5917562932e-01,1.3908897719e+00
5,1,7,2.2446671984e+02,2.2514211378e+02,2.2531025193e+02,2.2536660242e+02,1.3908897719e+00,2.5926250812e-01
7,0,3,2.2531025193e+02,2.2536660242e+02,2.2468550468e+02,2.2524226632e+02,2.5926250812e-01,2.0435179833e+00
3,1,1,2.2468550468e+02,2.2524226632e+02,2.2403879654e+02,2.2445569756e+02,2.0435179833e+00,3.1899131848e+00
1,1,3,2.2403879654e+02,2.2445569756e+02,2.2468626326e+02,2.2524220691e+02,3.1899131848e+00,2.0435508179e+00
3,1,1,2.2468626326e+02,2.2524220691e+02,2.2403958096e+02,2.2445561691e+02,2.0435508179e+00,3.1899460194e+00
1,0,5,2.2403958096e+02,2.2445561691e+02,2.2463878676e+02,2.2485050761e+02,3.1899460194e+00,1.3112824557e+00
5,1,7,2.2463878676e+02,2.2485050761e+02,2.2549749945e+02,2.2500720488e+02,1.3112824557e+00,1.7965519192e-01
7,2,6,2.2549749945e+02,2.2500720488e+02,2.2494909082e+02,2.2483572753e+02,1.7965519192e-01,6.7327672085e-01
6,0,2,2.2494909082e+02,2.2483572753e+02,2.2423804857e+02,2.2473660816e+02,6.7327672085e-01,2.5518958416e+00
2,1,0,2.2423804857e+02,2.2473660816e+02,2.2348947710e+02,2.2428747337e+02,2.5518958416e+00,3.6835710763e+00
0,2,1,2.2348947710e+02,2.2428747337e+02,2.2401366114e+02,2.2452065002e+02,3.6835710763e+00,3.1900548617e+00
1,0,5,2.2401366114e+02,2.2452065002e+02,2.2461282396e+02,2.2491560593e+02,3.1900548617e+00,1.3113912980e+00
5,2,4,2.2461282396e+02,2.2491560593e+02,2.2403028876e+02,2.2484450648e+02,1.3113912980e+00,1.7494723241e+00
4,0,0,2.2403028876e+02,2.2484450648e+02,2.2345877920e+02,2.2456511267e+02,1.7494723241e+00,3.5335931614e+00
0,1,2,2.2345877920e+02,2.2456511267e+02,2.2426365370e+02,2.2489557006e+02,3.5335931614e+00,2.4018713722e+00
2,2,3,2.2426365370e+02,2.2489557006e+02,2.2479173981e+02,2.2515068419e+02,2.4018713722e+00,1.9639326870e+00
