-5.8958955929e-01 -8.1445178697e-01 -5.3293995301e-01 
-5.3470049560e-01 -5.7052304598e-01 4.7573377057e-01 
-4.6957713049e-01 3.2851387396e-01 -1.7640602034e-01 
-1.3613571092e-01 -3.8076600429e-01 -3.5336502094e-02 
-1.3582114272e-01 -3.8053295292e-01 -3.5590165660e-02 
-4.6924396197e-01 3.2883398212e-01 -1.7621729132e-01 
-5.3548123540e-01 -5.7122883922e-01 4.7610914938e-01 
-5.9012556480e-01 -8.1543401497e-01 -5.3316742983e-01 


-7.1067972776e-02 -8.3452029961e-02 -1.5829969108e-02 
-3.7933478293e-01 -7.5000800373e-01 2.4323358425e-01 
-4.5763573420e-01 7.5198070081e-01 -5.0478704517e-01 
-5.7902107069e-01 8.6210905160e-01 5.3378067038e-01 
5.7910136462e-01 -8.6205152778e-01 -5.3323096496e-01 
4.5734315980e-01 -7.5243190416e-01 5.0480920923e-01 
3.7972795263e-01 7.4999876796e-01 -2.4380913447e-01 
7.1566088538e-02 8.4194900892e-02 1.5445884976e-02 


-1.6808620205e+00 -1.0551212103e+00 -4.4370498664e-01 
-1.7526773269e+00 -1.0660055216e+00 4.4400164369e-01 
-1.7524618747e+00 1.0550462439e+00 -4.0151372811e-01 
-1.6806332697e+00 1.0660327954e+00 4.0150252997e-01 
1.6806461982e+00 -1.0660486907e+00 -4.0138061059e-01 
1.7525929071e+00 -1.0551528195e+00 4.0157544926e-01 
1.7525181289e+00 1.0659811115e+00 -4.4394122426e-01 
1.6807978356e+00 1.0550445591e+00 4.4380415636e-01 


8.0430181415e+01 1.3260100568e+02 6.1250389286e+01 
6.9224496711e+01 9.2385142632e+01 6.1297076217e+01 
6.9312891581e+01 1.3262543661e+02 5.0322254803e+01 
8.0475444479e+01 9.2429723489e+01 5.0348562990e+01 
8.0500890467e+01 9.2440628024e+01 5.0299887557e+01 
6.9264449218e+01 1.3275647323e+02 5.0338096707e+01 
6.9290346433e+01 9.2413140185e+01 6.1318862238e+01 
8.0386051540e+01 1.3264209044e+02 6.1249920616e+01 


-7.5717659308e-01 2.1318441491e-01 3.2270995357e-01 
-6.0852516093e-01 4.2410684379e-01 1.8656134084e-02 
1.2245924402e-01 9.7549659398e-01 6.0945347510e-01 
7.0674023495e-01 -3.7327431146e-01 -5.7770528842e-01 
7.0706898769e-01 -3.7304473869e-01 -5.7788258906e-01 
1.2303544902e-01 9.7576434241e-01 6.0979665303e-01 
-6.0986577275e-01 4.2331661267e-01 1.9144364021e-02 
-7.5792638671e-01 2.1191166123e-01 3.2279989949e-01 


7.9571235708e-01 1.2426965192e+00 7.2090416859e-01 
2.3661459071e-01 -1.9186967713e-01 -7.9001823061e-01 
-6.4221755674e-01 -7.9578364012e-01 -4.1688170805e-02 
-8.4134365436e-01 -2.7848266713e-01 -1.9956967302e-01 
8.4139346285e-01 2.7859095101e-01 1.9966300717e-01 
6.4158315376e-01 7.9560462378e-01 4.1561281087e-02 
-2.3599426782e-01 1.9186918429e-01 7.8933333474e-01 
-7.9515007282e-01 -1.2419686290e+00 -7.2128589668e-01 


