00
-3.0174819628e-02
-8.7989517096e-02
-3.0847242481e-01
7.5665651004e+01
-5.9341303302e-02
5.9202296251e-02
01
-6.2148957371e-02
-1.6121582433e-01
-2.4220829397e-01
1.8378864816e+02
-4.9863766210e-02
2.7856364602e-01
02
-7.3776135436e-02
-1.7927600515e-01
-1.6799052742e-01
2.2709507703e+02
-4.0576946736e-02
3.1265716418e-01
03
-6.2645783283e-02
-1.4256536909e-01
-9.4640019707e-02
1.6776304098e+02
-2.8258828687e-02
2.2868958254e-01
04
-3.1708537578e-02
-6.3201812125e-02
-3.1866953590e-02
5.2148324989e+01
-1.3197047574e-02
9.1675676222e-02
10
-2.3265735835e-02
-9.1424415541e-02
-3.0875298028e-01
7.5604634681e+01
-4.9022912507e-02
5.5523992141e-02
11
-4.5009398624e-02
-1.6908301467e-01
-2.4275564736e-01
1.8315929768e+02
-2.3857620131e-02
2.6893496108e-01
12
-4.7297310427e-02
-1.9034619268e-01
-1.6862270969e-01
2.2516813000e+02
5.0314255486e-04
2.9700920234e-01
13
-3.1607386296e-02
-1.5449403887e-01
-9.5231052610e-02
1.6481568815e+02
2.2842833163e-02
2.0895132869e-01
14
2.9579055190e-02
6.4250209505e-02
3.1874078189e-02
5.2145910698e+01
1.5996883212e-02
-9.1188305051e-02
20
-1.8467447478e-02
-9.2033705013e-02
-3.0882645599e-01
7.5446722231e+01
-3.4870592310e-02
5.0373125636e-02
21
-3.4378553075e-02
-1.7012345944e-01
-2.4281527248e-01
1.8213723318e+02
1.1588708241e-02
2.5577010526e-01
22
-3.3705653855e-02
-1.9128066804e-01
-1.6864903076e-01
2.2283832855e+02
5.6757167015e-02
2.7654908614e-01
23
4.8792023940e-02
1.4778698894e-01
9.4627814943e-02
1.6782223795e+02
4.9661909085e-02
-2.2496929837e-01
24
-1.2631293248e-02
-6.9087467802e-02
-3.2152376969e-02
5.1503804535e+01
2.2899872355e-02
7.7985272035e-02
30
-1.0875764454e-02
-9.3547628187e-02
-3.0865734409e-01
7.5274017688e+01
-2.4320205402e-02
4.6520294620e-02
31
-1.5852353032e-02
-1.7370538814e-01
-2.4238924295e-01
1.8090366521e+02
3.7939688715e-02
2.4647870067e-01
32
-5.9665238312e-03
-1.9719457422e-01
-1.6805199171e-01
2.2094528200e+02
9.8199898110e-02
2.6242836732e-01
33
1.6629013021e-02
1.5686449079e-01
9.5230440821e-02
1.6496711466e+02
-3.0145492216e-03
-2.1010722249e-01
34
1.0299790308e-02
6.9512677810e-02
3.2158492571e-02
5.1503368656e+01
-2.0495887997e-02
-7.8670139932e-02
40
-1.9816291015e-02
-8.9995015856e-02
-3.0869143769e-01
7.5023598423e+01
-1.9921207716e-02
4.5788412424e-02
41
-4.0163665295e-02
-1.6557122671e-01
-2.4241998936e-01
1.8032977704e+02
4.9113124387e-02
2.4404130221e-01
42
4.2720242932e-02
1.8880535689e-01
1.6802656487e-01
2.2697843224e+02
9.2200835357e-02
-3.0201363803e-01
43
-3.6655747486e-02
-1.4878859372e-01
-9.4608908908e-02
1.6471926828e+02
3.9289974744e-02
2.0067640188e-01
44
-1.8477354959e-02
-6.7250735866e-02
-3.1794896407e-02
5.1661303606e+01
3.3950675827e-03
8.2217645151e-02
50
-1.2324472899e-02
-9.2118828038e-02
-3.0876392385e-01
7.5123573266e+01
-8.9930582747e-03
4.3060823771e-02
51
-2.2060860149e-02
-1.7091866710e-01
-2.4265652666e-01
1.8079572113e+02
7.6521904106e-02
2.3769810089e-01
52
1.4593508072e-02
1.9555232274e-01
1.6863720390e-01
2.2527804193e+02
4.9246563998e-02
-2.9301812769e-01
53
-3.9898095108e-03
-1.5649274539e-01
-9.4594883955e-02
1.6503727763e+02
9.3423459085e-02
1.8802349450e-01
54
1.6199854700e-02
6.7959485001e-02
3.1803711368e-02
5.1716759955e+01
-9.2193622055e-04
-8.2193098542e-02
60
-7.8464262067e-03
-9.2563775958e-02
-3.0857573185e-01
7.5084796498e+01
5.5967780431e-03
3.9623482439e-02
61
-1.2382667493e-02
-1.7302050248e-01
-2.4232403066e-01
1.8082260414e+02
1.1315016832e-01
2.2984541999e-01
62
1.1685572513e-03
1.9416850570e-01
1.6866044535e-01
2.2277868857e+02
-9.4940907787e-03
-2.8229200396e-01
63
2.2417545483e-02
1.5179096563e-01
9.4595097345e-02
1.6486348574e+02
-2.0162982795e-02
-2.0318369005e-01
64
1.0856481478e-03
-7.1208666330e-02
-3.1796616080e-02
5.1731381463e+01
4.1764323103e-02
7.4647516266e-02
70
-1.6238416902e-04
-9.2420005752e-02
-3.0823539119e-01
7.4925805995e+01
1.6355008915e-02
3.7346864645e-02
71
6.2596596472e-03
-1.7357721353e-01
-2.4161287491e-01
1.8048543096e+02
1.3993063992e-01
2.2466022536e-01
72
-2.7088925718e-02
1.9528618578e-01
1.6803209329e-01
2.2096843611e+02
-5.2896622703e-02
-2.7513837814e-01
73
-1.0818527001e-02
1.5593533842e-01
9.4556440887e-02
1.6482544850e+02
-7.5224219682e-02
-1.9595715991e-01
74
-3.4668429137e-03
7.1017120788e-02
3.1771188087e-02
5.1645713004e+01
-3.9462171875e-02
-7.5871068893e-02
80
-2.7725859436e-02
-8.8191719591e-02
-3.0823805993e-01
7.4948677860e+01
-4.0934405070e-03
4.0489898249e-02
81
2.1609088600e-02
1.7124350060e-01
2.4217011460e-01
1.8400989937e+02
1.1518366269e-01
-2.5836793978e-01
82
-5.7568974291e-02
-1.8424737010e-01
-1.6737849124e-01
2.2272430227e+02
7.6838433205e-03
2.8048982438e-01
83
-4.2041692246e-02
-1.4942924603e-01
-9.4088571620e-02
1.6595437649e+02
-2.2868510610e-02
2.0885864893e-01
84
-1.9882780188e-02
-6.7999792522e-02
-3.1601916302e-02
5.1833829421e+01
-1.7204502479e-02
8.3704739790e-02
90
-2.0527895461e-02
-9.0507784318e-02
-3.0857675736e-01
7.5045484402e+01
6.8104541737e-03
3.9526170848e-02
91
3.1164554680e-03
1.7476810710e-01
2.4272304267e-01
1.8326203351e+02
8.7890487066e-02
-2.5525285008e-01
92
-2.9756414718e-02
-1.9035649069e-01
-1.6798324654e-01
2.2325305210e+02
5.1556157522e-02
2.7478288092e-01
93
-8.7856154081e-03
-1.5450234531e-01
-9.4280899443e-02
1.6490273234e+02
3.2168733580e-02
2.0034839417e-01
94
1.7682447452e-02
6.8630621192e-02
3.1609595809e-02
5.1860593921e+01
1.9793057651e-02
-8.3139585039e-02
100
-1.6134582375e-02
-9.1476365127e-02
-3.0873498350e-01
7.5182987660e+01
2.1747508284e-02
3.8108677089e-02
101
-7.3460633682e-03
1.7310719425e-01
2.4280840065e-01
1.8195225124e+02
5.0436943080e-02
-2.5129419868e-01
102
-1.7009126810e-02
-1.9304002976e-01
-1.6796169921e-01
2.2404327064e+02
1.1121601042e-01
2.6799015551e-01
103
2.7764613566e-02
1.5254667836e-01
9.4073557154e-02
1.6570705148e+02
4.2341711288e-02
-2.0584626838e-01
104
-2.4253072269e-05
-7.0071073334e-02
-3.1681445802e-02
5.1502444708e+01
2.1587412241e-02
7.8588112455e-02
110
-8.3587199234e-03
-9.1884255439e-02
-3.0864321235e-01
7.5226474675e+01
3.2960453158e-02
3.7092129834e-02
111
-2.6214311352e-02
1.7223457879e-01
2.4238243089e-01
1.8081312006e+02
2.2420835869e-02
-2.4852732396e-01
112
1.1857604472e-02
-1.9421151154e-01
-1.6736212541e-01
2.2484459994e+02
1.5510679547e-01
2.6386207277e-01
113
-5.9628345535e-03
1.5475021572e-01
9.4304114175e-02
1.6509821771e+02
-1.3334002721e-02
-2.0255303148e-01
114
-2.4140822060e-03
7.0193789552e-02
3.1713359809e-02
5.1659977645e+01
-1.9319195659e-02
-7.9313447276e-02
120
-1.7927255456e-02
-9.2310475660e-02
-3.0867582677e-01
7.5173542840e+01
3.7438028605e-02
3.7190554846e-02
121
-5.5923867083e-04
1.7046718510e-01
2.4239519948e-01
1.8055870733e+02
1.1097963468e-02
-2.4841512853e-01
122
2.6177950631e-02
1.9123860794e-01
1.6743175413e-01
2.2264973631e+02
3.9274794865e-02
-2.7827056673e-01
123
-1.5879960827e-02
-1.5541723388e-01
-9.4562636973e-02
1.6508201039e+02
5.0478348243e-02
2.0032097063e-01
124
-6.2428852084e-03
-7.0022497984e-02
-3.1858447113e-02
5.1604184284e+01
1.6824052831e-03
8.0170564829e-02
130
-1.0231230593e-02
-9.3260969401e-02
-3.0880304519e-01
7.5475362013e+01
4.8673039179e-02
3.7250270663e-02
131
-1.9372591017e-02
1.7114591777e-01
2.4261403528e-01
1.8078011825e+02
-1.6896180639e-02
-2.4887116082e-01
132
-2.4267570084e-03
1.9269261983e-01
1.6798889294e-01
2.2320204092e+02
-4.8241762277e-03
-2.7953647257e-01
133
1.7651573419e-02
-1.5568571897e-01
-9.4114410390e-02
1.6691413247e+02
1.0565077793e-01
1.9955254966e-01
134
3.9373515795e-03
7.0082227824e-02
3.1825884414e-02
5.1503714740e+01
7.9953940670e-04
-8.0044598874e-02
140
-5.5131575078e-03
-9.4132573990e-02
-3.0872328492e-01
7.5640411875e+01
6.3679207292e-02
3.7822640139e-02
141
-2.9292808453e-02
1.7085729519e-01
2.4232151709e-01
1.8063598570e+02
-5.4487852287e-02
-2.5034218901e-01
142
-1.5502237812e-02
1.9337727488e-01
1.6798813371e-01
2.2407982316e+02
-6.4835175593e-02
-2.8279774519e-01
143
1.1401191283e-03
1.5612145935e-01
9.4522369938e-02
1.6483104706e+02
-3.1351881129e-02
-2.0399388164e-01
144
1.3749721803e-02
-7.0006908770e-02
-3.1626373421e-02
5.1921648850e+01
4.0556910288e-02
8.1496614833e-02
150
2.0732070120e-03
-9.2934477935e-02
-3.0844987891e-01
7.5696423554e+01
7.4552666456e-02
3.8290121380e-02
151
-4.7399072766e-02
1.6708725379e-01
2.4162514150e-01
1.8027721082e+02
-8.1893810847e-02
-2.5165683402e-01
152
-4.3902451193e-02
1.8968278235e-01
1.6737032828e-01
2.2472839670e+02
-1.0883772919e-01
-2.8591412013e-01
153
-3.2291054030e-02
1.5337682135e-01
9.4119563256e-02
1.6684801150e+02
-8.6514176049e-02
-2.0859736137e-01
154
-1.6103921982e-02
6.9561159214e-02
3.1633200093e-02
5.1941944848e+01
-3.8104537909e-02
-8.2764724362e-02
160
2.1655277819e-03
9.2848632364e-02
3.0847511492e-01
7.5593153658e+01
7.4643055402e-02
-3.8560079389e-02
161
-4.7504101018e-02
-1.6707830897e-01
-2.4164537371e-01
1.8029747360e+02
-8.1986159861e-02
2.5181554959e-01
162
-4.4021895491e-02
-1.8971516127e-01
-1.6740828537e-01
2.2492416009e+02
-1.0893122583e-01
2.8616387724e-01
163
-3.2399695733e-02
-1.5338606069e-01
-9.4166820632e-02
1.6706840934e+02
-8.6595880269e-02
2.0893888105e-01
164
-1.6159084085e-02
-6.9662328998e-02
-3.1662007696e-02
5.2078888271e+01
-3.8149320654e-02
8.2876445594e-02
170
-5.4786172983e-03
9.3982276631e-02
3.0873777721e-01
7.5545768179e+01
6.3713830532e-02
-3.8079145759e-02
171
-2.9377600589e-02
-1.7062992367e-01
-2.4231633278e-01
1.8054176036e+02
-5.4575482620e-02
2.5053107742e-01
172
-1.5600939984e-02
-1.9303834908e-01
-1.6796380231e-01
2.2388453984e+02
-6.4948534110e-02
2.8295547169e-01
173
1.0591103152e-03
-1.5590173144e-01
-9.4504115378e-02
1.6476366646e+02
-3.1441767618e-02
2.0407797277e-01
174
1.3725195944e-02
6.9863052725e-02
3.1610029867e-02
5.1839491754e+01
4.0531973154e-02
-8.1520002679e-02
180
-1.0196991350e-02
9.3006226545e-02
3.0884952090e-01
7.5228754340e+01
4.8719404817e-02
-3.7848195691e-02
181
-1.9411415944e-02
-1.7091935094e-01
-2.4265588499e-01
1.8060650941e+02
-1.6922871803e-02
2.4940911236e-01
182
-2.4638936833e-03
-1.9238132222e-01
-1.6801977078e-01
2.2294252959e+02
-4.8507493500e-03
2.8007766870e-01
183
1.7627267214e-02
1.5537942416e-01
9.4113833134e-02
1.6671190584e+02
1.0562619148e-01
-1.9985459874e-01
184
3.9365501480e-03
-6.9980200146e-02
-3.1825080232e-02
5.1451093285e+01
7.9872198197e-04
8.0140638476e-02
190
-1.7929742016e-02
9.2296013628e-02
3.0866904987e-01
7.5140352931e+01
3.7433193603e-02
-3.7154951383e-02
191
-5.1681865787e-04
-1.7051104921e-01
-2.4236754725e-01
1.8053971819e+02
1.1134805493e-02
2.4816577039e-01
192
2.6154996772e-02
-1.9117963526e-01
-1.6738904465e-01
2.2250161238e+02
3.9241065820e-02
2.7801221067e-01
193
-1.5936199814e-02
1.5528949322e-01
9.4538154801e-02
1.6493289531e+02
5.0408088117e-02
-2.0026811420e-01
194
-6.2830980719e-03
6.9925991606e-02
3.1834390879e-02
5.1532587970e+01
1.6333598400e-03
-8.0088210507e-02
200
-8.3253758863e-03
9.1856291470e-02
3.0864075585e-01
7.5184167899e+01
3.2992094044e-02
-3.7101911496e-02
201
-2.6206435687e-02
-1.7232041361e-01
-2.4236171523e-01
1.8085246955e+02
2.2431687779e-02
2.4828830943e-01
202
1.1851578143e-02
1.9418499649e-01
1.6734730721e-01
2.2482676613e+02
1.5508561937e-01
-2.6378041812e-01
203
-5.9666942914e-03
-1.5466883187e-01
-9.4282860998e-02
1.6487990072e+02
-1.3333460235e-02
2.0247607071e-01
204
-2.4387906421e-03
-7.0098426433e-02
-3.1689459868e-02
5.1557879792e+01
-1.9333987089e-02
7.9230518522e-02
210
-1.6082060959e-02
9.1563291347e-02
3.0873052081e-01
7.5247860867e+01
2.1796545458e-02
-3.7988703980e-02
211
-7.4398290661e-03
-1.7320637921e-01
-2.4280388704e-01
1.8199308721e+02
5.0344201050e-02
2.5116167961e-01
212
-1.6862340721e-02
1.9321561128e-01
1.6797215577e-01
2.2421258435e+02
1.1137442681e-01
-2.6789106164e-01
213
2.7688542345e-02
-1.5273776413e-01
-9.4087712430e-02
1.6591135967e+02
4.2261496319e-02
2.0576033443e-01
214
8.9768041647e-05
7.0142670064e-02
3.1690384928e-02
5.1593330856e+01
2.1708583520e-02
-7.8582856680e-02
220
-2.0498699887e-02
9.0523934682e-02
3.0857943450e-01
7.5047935479e+01
6.8424279211e-03
-3.9529752234e-02
221
3.0500323561e-03
-1.7488031277e-01
-2.4272141112e-01
1.8332580725e+02
8.7824843314e-02
2.5512871286e-01
222
-2.9670435527e-02
1.9041280588e-01
1.6799970358e-01
2.2331172001e+02
5.1664730514e-02
-2.7484697329e-01
223
-8.7233200337e-03
1.5457224842e-01
9.4296166027e-02
1.6497098418e+02
3.2250304583e-02
-2.0039080479e-01
224
1.7602912490e-02
-6.8637385852e-02
-3.1608248311e-02
5.1819469625e+01
1.9714541304e-02
8.3122854706e-02
230
-2.7739055400e-02
8.8232745920e-02
3.0823458831e-01
7.4984047006e+01
-4.1105175842e-03
-4.0423374657e-02
231
2.1615069773e-02
-1.7138813728e-01
-2.4217799111e-01
1.8409354525e+02
1.1518523583e-01
2.5828060101e-01
232
-5.7621504895e-02
1.8439517103e-01
1.6740095932e-01
2.2280757451e+02
7.6639836232e-03
-2.8050610414e-01
233
-4.2072520118e-02
1.4961614006e-01
9.4113118513e-02
1.6611198449e+02
-2.2866257572e-02
-2.0885214788e-01
234
-1.9921475786e-02
6.8121908874e-02
3.1622178704e-02
5.1924018371e+01
-1.7220077402e-02
-8.3731864400e-02
240
-1.6301451652e-04
9.2522302598e-02
3.0822023924e-01
7.5013616220e+01
1.6334793099e-02
-3.7133640575e-02
241
6.3067525265e-03
1.7365998118e-01
2.4158503574e-01
1.8064634906e+02
1.3993427506e-01
-2.2437690877e-01
242
-2.7140202326e-02
-1.9544662068e-01
-1.6802526980e-01
2.2106719602e+02
-5.2943174097e-02
2.7492769987e-01
243
-1.0889430222e-02
-1.5602586019e-01
-9.4555401886e-02
1.6495800781e+02
-7.5294280270e-02
1.9585894756e-01
244
-3.5123135137e-03
-7.1046874601e-02
-3.1775100917e-02
5.1706208531e+01
-3.9511617867e-02
7.5870166281e-02
250
-7.8313234466e-03
9.2447063533e-02
3.0858136107e-01
7.5005248621e+01
5.6196599500e-03
-3.9781423486e-02
251
-1.2337745409e-02
1.7279225148e-01
2.4231418397e-01
1.8063871852e+02
1.1317881830e-01
-2.3000265702e-01
252
1.1310528569e-03
-1.9386343670e-01
-1.6860658358e-01
2.2243022784e+02
-9.4899356064e-03
2.8220128947e-01
253
2.2333663021e-02
-1.5142256269e-01
-9.4529860296e-02
1.6445954246e+02
-2.0188479273e-02
2.0307064079e-01
254
1.1068932207e-03
7.0938019156e-02
3.1749879224e-02
5.1529575986e+01
4.1720351493e-02
-7.4577131844e-02
260
-1.2335914604e-02
9.2087499573e-02
3.0874408858e-01
7.5123937623e+01
-9.0370563643e-03
-4.2947574055e-02
261
-2.2054739744e-02
1.7081036257e-01
2.4261465417e-01
1.8078443298e+02
7.6447851366e-02
-2.3750518651e-01
262
1.4587481049e-02
-1.9534948011e-01
-1.6858722243e-01
2.2505048370e+02
4.9291410210e-02
2.9285822570e-01
263
-3.9070447150e-03
1.5618216523e-01
9.4544843451e-02
1.6469406205e+02
9.3413620564e-02
-1.8797403855e-01
264
1.6151194981e-02
-6.7773936447e-02
-3.1764232143e-02
5.1551844093e+01
-9.1705331764e-04
8.2090079404e-02
270
-1.9862303683e-02
9.0202063302e-02
3.0863555467e-01
7.5190740628e+01
-2.0063529145e-02
-4.5175502386e-02
271
-4.0211999281e-02
1.6582860840e-01
2.4234596900e-01
1.8049857973e+02
4.8916959464e-02
-2.4325294571e-01
272
4.2660399657e-02
-1.8904587506e-01
-1.6795538101e-01
2.2697191484e+02
9.2219099048e-02
3.0125966747e-01
273
-3.6655138610e-02
1.4892416161e-01
9.4573286391e-02
1.6471634869e+02
3.9221577249e-02
-2.0028482728e-01
274
-1.8459985511e-02
6.7277621887e-02
3.1775261960e-02
5.1597440102e+01
3.3783277495e-03
-8.2048591798e-02
280
-1.0845075426e-02
9.3490501670e-02
3.0866730153e-01
7.5203297453e+01
-2.4269061073e-02
-4.6648688653e-02
281
-1.5800008592e-02
1.7362718157e-01
2.4239619769e-01
1.8080487198e+02
3.8008268150e-02
-2.4660621621e-01
282
-5.9148494459e-03
1.9711880079e-01
1.6804968477e-01
2.2085791601e+02
9.8246096298e-02
-2.6248790072e-01
283
1.6608548951e-02
-1.5675911136e-01
-9.5221955932e-02
1.6484289886e+02
-3.0218852217e-03
2.1015182110e-01
284
1.0237289338e-02
-6.9432917487e-02
-3.2142312072e-02
5.1439363723e+01
-2.0529813461e-02
7.8633812228e-02
290
-1.8497158364e-02
9.2109033368e-02
3.0881572119e-01
7.5496717587e+01
-3.4923255571e-02
-5.0221252752e-02
291
-3.4361312691e-02
1.7016209229e-01
2.4280664513e-01
1.8212982076e+02
1.1585056429e-02
-2.5567049312e-01
292
-3.3663986489e-02
1.9135485769e-01
1.6863830176e-01
2.2284014802e+02
5.6772402945e-02
-2.7639953988e-01
293
4.8678474174e-02
-1.4783852961e-01
-9.4608776517e-02
1.6772661894e+02
4.9579260019e-02
2.2478233353e-01
294
-1.2585117555e-02
6.9114107204e-02
3.2145100385e-02
5.1472796807e+01
2.2930455743e-02
-7.7907124875e-02
300
-2.3259792724e-02
9.1454345240e-02
3.0872796436e-01
7.5646056273e+01
-4.9076211974e-02
-5.5318709907e-02
301
-4.4959639549e-02
1.6905816001e-01
2.4271980236e-01
1.8313368633e+02
-2.3903181048e-02
-2.6871023613e-01
302
-4.7197535284e-02
1.9023300636e-01
1.6857319952e-01
2.2503518562e+02
4.6881853271e-04
-2.9677898036e-01
303
-3.1520207922e-02
1.5437172325e-01
9.5188844484e-02
1.6468355194e+02
2.2820919002e-02
-2.0878116498e-01
304
2.9492248789e-02
-6.4155122289e-02
-3.1845476331e-02
5.2021149455e+01
1.5969168133e-02
9.1083253522e-02
310
-3.0082496777e-02
8.7756876397e-02
3.0852221568e-01
7.5453161488e+01
-5.9127729217e-02
-5.9781339329e-02
311
-6.2034310537e-02
1.6091547369e-01
2.4227129707e-01
1.8350389448e+02
-4.9577256814e-02
-2.7929970536e-01
312
-7.3674283881e-02
1.7903844010e-01
1.6804620376e-01
2.2689969270e+02
-4.0320316601e-02
-3.1327860450e-01
313
-6.2598063664e-02
1.4242857245e-01
9.4679546708e-02
1.6773518191e+02
-2.8105997418e-02
-2.2909886260e-01
314
-3.1681979536e-02
6.3164942219e-02
3.1882230355e-02
5.2145917033e+01
-1.3133171822e-02
-9.1818101106e-02
