-1.7545352337e-01 -3.5229316916e-01 -4.1275323925e-01 -3.4695167144e-01 -1.6933933487e-01 
-1.5993217064e-01 -3.0487941340e-01 -3.2673713889e-01 -2.4002709457e-01 1.6294889386e-01 
-1.2704456544e-01 -2.2955082530e-01 -2.3277505743e-01 2.8879281600e-01 -8.7117011498e-02 
-8.5062050853e-02 -1.3033517840e-01 -9.6511566747e-02 1.4556069584e-01 7.3047842382e-02 
-1.1760736962e-01 -2.2941640017e-01 2.6433162119e-01 -2.1436837049e-01 -1.0857597758e-01 
-8.0518965881e-02 -1.4415238841e-01 1.2284096433e-01 -4.9354680551e-02 9.6993022265e-02 
-5.2831844513e-02 -9.1502314215e-02 2.5611221231e-02 1.3604986475e-01 -3.0730501931e-03 
-1.0822234274e-02 1.0149528304e-02 -1.2627360774e-01 -4.8531351335e-02 -1.2660897755e-02 
-1.4991529838e-01 1.4015569880e-01 -3.2248649568e-01 -2.4667726384e-01 -1.1988533319e-01 
-1.2180525532e-01 4.1806072794e-02 -1.8321017668e-01 -6.0156946427e-02 1.0778773477e-01 
-9.7880796094e-02 -3.7396493388e-02 -1.0902463553e-01 1.6728993563e-01 -1.6441158515e-03 
-5.1842879942e-02 -1.4524187091e-01 5.9235241874e-02 -3.2179377093e-02 -1.2942659830e-02 
-1.0502449077e-01 -6.0870095098e-03 1.5007859768e-01 -9.3258286983e-02 -3.6823850076e-02 
-6.0267491647e-02 -1.1709824027e-01 -1.5717426157e-02 1.0352735200e-01 2.1954181663e-02 
-2.6017887459e-02 -1.7587803158e-01 -1.0065152335e-01 -4.4971760577e-03 8.4864149013e-02 
1.4826729006e-02 -2.5987381205e-01 -2.5609188104e-01 -1.9467581069e-01 -9.8659933386e-02 
1.4775258642e-02 -2.5993874856e-01 -2.5616910575e-01 -1.9474897992e-01 -9.8759272497e-02 
-2.5898679495e-02 -1.7595165345e-01 -1.0067218570e-01 -4.5263409147e-03 8.4896291940e-02 
-6.0229115707e-02 -1.1701833420e-01 -1.5743105065e-02 1.0348639295e-01 2.2027514708e-02 
-1.0508283315e-01 -6.1916240207e-03 1.4991431389e-01 -9.3376196329e-02 -3.6813236142e-02 
-5.1499466124e-02 -1.4532346165e-01 5.9496489807e-02 -3.2357290180e-02 -1.3154960435e-02 
-9.8038183474e-02 -3.7385319759e-02 -1.0909306479e-01 1.6725455641e-01 -1.4999615543e-03 
-1.2196267486e-01 4.1731677746e-02 -1.8332033683e-01 -6.0169359607e-02 1.0770715145e-01 
-1.4974354220e-01 1.4019624734e-01 -3.2268959499e-01 -2.4657900017e-01 -1.1986823880e-01 
-1.0769560468e-02 1.0319933821e-02 -1.2645895563e-01 -4.8763706980e-02 -1.2724552997e-02 
-5.2744902558e-02 -9.1342905552e-02 2.5251839059e-02 1.3587770475e-01 -2.9666365956e-03 
-8.0503150202e-02 -1.4420619492e-01 1.2301327302e-01 -4.9490538120e-02 9.7085252966e-02 
-1.1767745947e-01 -2.2950707658e-01 2.6405715893e-01 -2.1441094070e-01 -1.0847965253e-01 
-8.5102566189e-02 -1.3033775887e-01 -9.6506381075e-02 1.4568664585e-01 7.3231096746e-02 
-1.2698651577e-01 -2.2956887276e-01 -2.3281402085e-01 2.8891260420e-01 -8.7206118488e-02 
-1.5996028255e-01 -3.0497711893e-01 -3.2668365932e-01 -2.4005570232e-01 1.6290413124e-01 
-1.7534909632e-01 -3.5207890952e-01 -4.1231407777e-01 -3.4711258311e-01 -1.6933051102e-01 


-1.6054901153e-01 -2.6508393409e-01 -2.7462755084e-01 -2.0144109198e-01 -7.2507663972e-02 
-2.0146006454e-01 -3.6209461311e-01 -4.1498633117e-01 -3.4993827988e-01 8.6525066088e-02 
-2.1681821400e-01 -3.9182445358e-01 -4.4438426951e-01 2.7867078116e-01 -1.5481150614e-01 
-2.3946110079e-01 -4.4501479718e-01 -5.2522538024e-01 3.9828872354e-01 1.6184444254e-01 
-1.9637265806e-01 -3.4432303228e-01 4.1892518457e-01 -3.0343883225e-01 -1.3551542814e-01 
-2.2436840404e-01 -4.1392184731e-01 5.1294277712e-01 -4.0828070843e-01 1.4386516754e-01 
-2.3096364681e-01 -4.4455495672e-01 5.0022195786e-01 3.4549336975e-01 -1.9204806351e-01 
-2.2846010377e-01 -4.5102123394e-01 5.1824732596e-01 4.0832712723e-01 1.9165679708e-01 
-1.7294759797e-01 4.1680314758e-01 -3.6497178326e-01 -3.1407674314e-01 -1.4702938838e-01 
-2.0268322535e-01 4.7077444793e-01 -4.5055261738e-01 -3.8944368430e-01 1.5625390282e-01 
-2.1677540717e-01 4.5147776908e-01 -4.9259634495e-01 3.6226379295e-01 -1.8001961416e-01 
-2.2243458629e-01 4.3930067898e-01 -5.0615860327e-01 3.9233086770e-01 1.7989610369e-01 
-2.3036571963e-01 4.1296881430e-01 4.6304167683e-01 -4.0272426161e-01 -1.7689965436e-01 
-2.4294828481e-01 4.2185618388e-01 4.8564443813e-01 -4.0637236608e-01 1.7940143346e-01 
-2.5556959720e-01 4.1854376663e-01 4.9493130020e-01 4.1332536693e-01 -1.7783700288e-01 
-2.3683382451e-01 3.6942190522e-01 4.4128068797e-01 3.7201095017e-01 1.7024035363e-01 
2.3691548003e-01 -3.6917255497e-01 -4.4111402775e-01 -3.7191984112e-01 -1.7041096974e-01 
2.5552660301e-01 -4.1829942142e-01 -4.9466218606e-01 -4.1350793638e-01 1.7772521793e-01 
2.4311695643e-01 -4.2157488334e-01 -4.8597288288e-01 4.0642668560e-01 -1.7935117607e-01 
2.3047533623e-01 -4.1296367390e-01 -4.6293306566e-01 4.0252188072e-01 1.7686248428e-01 
2.2220500312e-01 -4.3931895701e-01 5.0623589243e-01 -3.9283657209e-01 -1.8011556429e-01 
2.1675210928e-01 -4.5168478288e-01 4.9218956871e-01 -3.6217824401e-01 1.8034635971e-01 
2.0283299205e-01 -4.7070022168e-01 4.5061712978e-01 3.8948130062e-01 -1.5628656294e-01 
1.7282293975e-01 -4.1702963335e-01 3.6540198918e-01 3.1411851816e-01 1.4698954621e-01 
2.2841641116e-01 4.5098869517e-01 -5.1827905065e-01 -4.0832871906e-01 -1.9153939619e-01 
2.3074605190e-01 4.4425447042e-01 -4.9978728620e-01 -3.4523137144e-01 1.9187528311e-01 
2.2430148236e-01 4.1388488738e-01 -5.1299549157e-01 4.0828975759e-01 -1.4410993143e-01 
1.9656209961e-01 3.4446192061e-01 -4.1877727855e-01 3.0353244122e-01 1.3559134332e-01 
2.3938620366e-01 4.4490329362e-01 5.2522310351e-01 -3.9826673229e-01 -1.6189329709e-01 
2.1661986876e-01 3.9216730985e-01 4.4455913369e-01 -2.7862407726e-01 1.5493588757e-01 
2.0156892798e-01 3.6239469407e-01 4.1520028528e-01 3.4975577053e-01 -8.6526873193e-02 
1.6062270193e-01 2.6522600181e-01 2.7460153529e-01 2.0168882424e-01 7.2715512869e-02 


-7.6613713148e-01 -5.9976882923e-01 -4.1896877695e-01 -2.4009226552e-01 -8.2144844081e-02 
-7.7101066662e-01 -6.0908483256e-01 -4.2937157872e-01 -2.4899184598e-01 8.2230365206e-02 
-7.7228009593e-01 -6.1044057472e-01 -4.2967502140e-01 2.4016072237e-01 -8.6429711967e-02 
-7.6963306414e-01 -6.0354486541e-01 -4.2037921227e-01 2.4898813540e-01 8.6396837616e-02 
-7.6965806022e-01 -6.0323180374e-01 4.1901812953e-01 -2.3904589102e-01 -8.0861251698e-02 
-7.7114272628e-01 -6.0735265229e-01 4.2940091731e-01 -2.3897932703e-01 8.0880896810e-02 
-7.6857191240e-01 -6.0275929545e-01 4.2974275043e-01 2.3909654718e-01 -8.0938618154e-02 
-7.6343360875e-01 -5.9182783403e-01 4.2043769873e-01 2.3896922726e-01 8.0917422654e-02 
-7.6339640234e-01 5.9994866513e-01 -4.1031683701e-01 -2.3166321698e-01 -7.8166838291e-02 
-7.6862975440e-01 6.0919206255e-01 -4.1982180349e-01 -2.3490003922e-01 7.8197845460e-02 
-7.7115334079e-01 6.1048645110e-01 -4.1957455943e-01 2.3163648467e-01 -7.9650114781e-02 
-7.6961455979e-01 6.0354729119e-01 -4.0965677303e-01 2.3481315880e-01 7.9707063156e-02 
-7.6968701720e-01 6.0324885618e-01 4.1027826118e-01 -2.3849326491e-01 -8.1752268610e-02 
-7.7232503234e-01 6.0736911885e-01 4.1979367425e-01 -2.3198181222e-01 8.1759682657e-02 
-7.7100436982e-01 6.0271331801e-01 4.1959918369e-01 2.3847109393e-01 -7.8584701515e-02 
-7.6616687034e-01 5.9185097067e-01 4.0968340660e-01 2.3195816244e-01 7.8531971409e-02 
7.6613754817e-01 -5.9191890972e-01 -4.0975874546e-01 -2.3197293701e-01 -7.8559314405e-02 
7.7101212806e-01 -6.0278110197e-01 -4.1964774938e-01 -2.3848995356e-01 7.8584985463e-02 
7.7231122771e-01 -6.0737760090e-01 -4.1978259711e-01 2.3192208501e-01 -8.1752803086e-02 
7.6964707780e-01 -6.0324240485e-01 -4.1019978488e-01 2.3842308691e-01 8.1730344546e-02 
7.6971827373e-01 -6.0364524737e-01 4.0968665911e-01 -2.3490583684e-01 -7.9746425603e-02 
7.7113730020e-01 -6.1045011069e-01 4.1955373301e-01 -2.3159254814e-01 7.9719288432e-02 
7.6859484017e-01 -6.0919375315e-01 4.1980276473e-01 2.3487887235e-01 -7.8175635383e-02 
7.6346270171e-01 -5.9991507657e-01 4.1029370641e-01 2.3163261240e-01 7.8156350765e-02 
7.6343005681e-01 5.9185956293e-01 -4.2041720060e-01 -2.3895827234e-01 -8.0898882509e-02 
7.6859300339e-01 6.0273424983e-01 -4.2972112033e-01 -2.3908100775e-01 8.0910861966e-02 
7.7116235845e-01 6.0738299819e-01 -4.2947999735e-01 2.3895831033e-01 -8.0913031455e-02 
7.6960450364e-01 6.0324262523e-01 -4.1905015469e-01 2.3905386579e-01 8.0844017403e-02 
7.6965148705e-01 6.0359861837e-01 4.2039480929e-01 -2.4903407231e-01 -8.6447522596e-02 
7.7231732303e-01 6.1038144341e-01 4.2972638253e-01 -2.4021860320e-01 8.6464353959e-02 
7.7101523809e-01 6.0905685923e-01 4.2930483618e-01 2.4896064588e-01 -8.2207156680e-02 
7.6611448671e-01 5.9975667864e-01 4.1893852058e-01 2.4016346332e-01 8.2165456431e-02 


5.0046653234e+02 1.2425240744e+03 1.5417520619e+03 1.1308516153e+03 3.4749775730e+02 
4.9549014351e+02 1.2088889658e+03 1.4541207264e+03 1.0098877859e+03 3.4786301947e+02 
4.8609757557e+02 1.1526377301e+03 1.3494596377e+03 1.1309190199e+03 3.1987035085e+02 
4.7814905649e+02 1.1126145296e+03 1.2895506747e+03 1.0095134539e+03 3.1959727748e+02 
4.7469287590e+02 1.1001779601e+03 1.5416015489e+03 1.0029286614e+03 3.2755995480e+02 
4.7370276659e+02 1.1069702779e+03 1.4534615222e+03 1.0088577773e+03 3.2723339955e+02 
4.6917446186e+02 1.1056303034e+03 1.3501820278e+03 1.0030856925e+03 3.2938069109e+02 
4.6324666361e+02 1.0964956367e+03 1.2886973186e+03 1.0086037807e+03 3.2927645085e+02 
4.6351095092e+02 1.2414045461e+03 1.3470151090e+03 1.0488542055e+03 3.3576043208e+02 
4.6844820795e+02 1.2088940551e+03 1.3700077448e+03 1.0104185075e+03 3.3600642210e+02 
4.7345214214e+02 1.1542522826e+03 1.4081537964e+03 1.0488564664e+03 3.2551069480e+02 
4.7471780951e+02 1.1126451850e+03 1.4390963166e+03 1.0090776573e+03 3.2605398397e+02 
4.7717945884e+02 1.1001676801e+03 1.3475004853e+03 1.0130303725e+03 3.2328783853e+02 
4.8558541476e+02 1.1071212028e+03 1.3690902063e+03 1.0936920077e+03 3.2349606359e+02 
4.9619403397e+02 1.1060627756e+03 1.4079465051e+03 1.0119242004e+03 3.4269531115e+02 
5.0024676045e+02 1.0963393866e+03 1.4390442275e+03 1.0940881577e+03 3.4235438782e+02 
5.0063566687e+02 1.0950766692e+03 1.4381390167e+03 1.0939545580e+03 3.4265359980e+02 
4.9576052037e+02 1.1050689560e+03 1.4067866169e+03 1.0125726687e+03 3.4282064215e+02 
4.8612938368e+02 1.1065058760e+03 1.3701576418e+03 1.0940262612e+03 3.2333962728e+02 
4.7783968254e+02 1.0997536486e+03 1.3473650770e+03 1.0120979984e+03 3.2322763052e+02 
4.7367113674e+02 1.1118389082e+03 1.4398946681e+03 1.0105684203e+03 3.2671317335e+02 
4.7357872918e+02 1.1546522946e+03 1.4069581625e+03 1.0485635689e+03 3.2617279679e+02 
4.6869883979e+02 1.2085316336e+03 1.3706503537e+03 1.0099495844e+03 3.3583330250e+02 
4.6284281921e+02 1.2419266965e+03 1.3476204268e+03 1.0484586414e+03 3.3558988904e+02 
4.6316050798e+02 1.0953143466e+03 1.2891847308e+03 1.0091832573e+03 3.2912170527e+02 
4.6882669955e+02 1.1050845467e+03 1.3488718558e+03 1.0023675661e+03 3.2902594379e+02 
4.7325577548e+02 1.1067868839e+03 1.4535668424e+03 1.0087492864e+03 3.2772519883e+02 
4.7522585146e+02 1.1004254504e+03 1.5417917399e+03 1.0029069344e+03 3.2732994007e+02 
4.7790171877e+02 1.1118959168e+03 1.2893998442e+03 1.0096313935e+03 3.2012707202e+02 
4.8556504799e+02 1.1542882488e+03 1.3503357191e+03 1.1314466073e+03 3.2017944534e+02 
4.9554959616e+02 1.2085609370e+03 1.4535204631e+03 1.0091479801e+03 3.4753003864e+02 
5.0029993485e+02 1.2416351893e+03 1.5396319764e+03 1.1311422149e+03 3.4722460294e+02 


-2.8030690360e-01 -1.3901313513e-01 -3.6391431948e-02 1.0247466521e-02 5.8260632490e-03 
-2.4329544704e-01 -4.0807961643e-02 1.1456017425e-01 1.8356355522e-01 2.1253602351e-02 
-1.8455737253e-01 1.0572701873e-01 3.3971204771e-01 1.8070265019e-01 1.3208596752e-01 
-1.4033070674e-01 2.0978918053e-01 5.0183156628e-01 -3.9885933057e-02 -1.1769912504e-01 
-1.1346382495e-01 2.7706426929e-01 4.7290237933e-01 2.3401409996e-01 3.2692401116e-02 
-5.5848235067e-02 4.2215940937e-01 2.6584291648e-01 5.1058876981e-01 -1.4956587029e-02 
2.3119584557e-02 6.1782750889e-01 -5.2495450943e-02 -1.2185357249e-01 2.3771800325e-01 
7.1650717490e-02 7.3807173923e-01 -2.8041753612e-01 -4.3129052092e-01 -2.2777300097e-01 
-2.0706163545e-02 6.6652414104e-01 5.1837737243e-02 -1.2161970525e-01 -9.2129485306e-02 
3.5816053256e-02 5.2805692665e-01 2.9885199977e-01 1.8793137164e-01 1.1089691150e-01 
1.2549962921e-01 3.0781020432e-01 6.5077775535e-01 2.4961343152e-01 1.3030447179e-01 
1.9043572958e-01 1.4745768678e-01 8.8826481116e-01 -7.7845053811e-02 -1.1643371972e-01 
2.2425887169e-01 6.1742001292e-02 2.2199486455e-01 3.0856236068e-01 1.2935271980e-02 
2.9228811895e-01 -1.0270520755e-01 -3.0465502292e-02 6.2284496351e-01 2.6906702954e-03 
3.8267899865e-01 -3.2757064682e-01 -3.9407777143e-01 -1.9488860738e-01 2.3658890607e-01 
4.3691027111e-01 -4.6912645598e-01 -6.4139539914e-01 -5.0586761119e-01 -2.1911864724e-01 
4.3686190478e-01 -4.6909714368e-01 -6.4135299592e-01 -5.0592105731e-01 -2.1919620293e-01 
3.8279854346e-01 -3.2755693894e-01 -3.9402727742e-01 -1.9489560501e-01 2.3662108740e-01 
2.9231825768e-01 -1.0261939632e-01 -3.0500402891e-02 6.2273462190e-01 2.7636092233e-03 
2.2416902231e-01 6.1634399455e-02 2.2178546155e-01 3.0834795777e-01 1.2926163132e-02 
1.9094815800e-01 1.4734188133e-01 8.8859525550e-01 -7.8069201955e-02 -1.1668579407e-01 
1.2531256584e-01 3.0783977531e-01 6.5065584952e-01 2.4960843786e-01 1.3058269754e-01 
3.5573730685e-02 5.2798084124e-01 2.9868085555e-01 1.8785546761e-01 1.1085549289e-01 
-2.0365373965e-02 6.6660319018e-01 5.1557475478e-02 -1.2161887699e-01 -9.2140602594e-02 
7.1692780697e-02 7.3835071852e-01 -2.8057024622e-01 -4.3150184539e-01 -2.2779237131e-01 
2.3274662457e-02 6.1789453518e-01 -5.2817608801e-02 -1.2199326708e-01 2.3773469375e-01 
-5.5756916903e-02 4.2223730619e-01 2.6584702207e-01 5.1036503965e-01 -1.4964983969e-02 
-1.1374750531e-01 2.7702218731e-01 4.7255612805e-01 2.3400651388e-01 3.2719897069e-02 
-1.4028656495e-01 2.1006548710e-01 5.0191692243e-01 -3.9906494572e-02 -1.1771063618e-01 
-1.8432207827e-01 1.0538988336e-01 3.3994926052e-01 1.8063416206e-01 1.3215738064e-01 
-2.4330079457e-01 -4.1065326888e-02 1.1422746119e-01 1.8336670942e-01 2.1303081561e-02 
-2.8031438712e-01 -1.3886797645e-01 -3.6127766081e-02 1.0474430261e-02 5.9348005020e-03 


3.3923681963e-01 9.7971725148e-01 1.0834500479e+00 8.0399870344e-01 3.3243719521e-01 
2.9922619897e-01 8.6657360193e-01 8.9249548640e-01 5.6339184787e-01 -3.3183874346e-01 
2.2936174529e-01 6.8969029022e-01 6.1774904810e-01 -7.8323734836e-01 1.6389536220e-01 
1.7663385388e-01 5.6409426331e-01 4.3579084786e-01 -5.9123882147e-01 -1.7440953775e-01 
1.5616189633e-01 5.1043703618e-01 -9.7509229616e-01 4.4762967704e-01 2.2250816001e-01 
1.2149679030e-01 4.2613224457e-01 -8.5974688886e-01 2.7293516060e-01 -2.2452436673e-01 
7.4142975211e-02 3.1868534117e-01 -7.0429584544e-01 -4.9072761824e-01 1.1518698099e-01 
4.4733744157e-02 2.5672048756e-01 -6.0367567988e-01 -3.8600371430e-01 -1.3389763245e-01 
8.1202871260e-02 -7.3223794571e-01 6.7587012407e-01 5.7453287486e-01 2.4784873040e-01 
6.9842596742e-02 -6.8871022107e-01 5.9330991820e-01 4.5081303942e-01 -2.3979909998e-01 
4.8517512595e-02 -6.2721353597e-01 4.9037900455e-01 -5.3113128822e-01 1.7310595856e-01 
3.3320654300e-02 -5.8458710993e-01 4.3557631117e-01 -4.8196685900e-01 -1.8302152933e-01 
3.0367583781e-02 -5.7838234811e-01 -6.4044951258e-01 4.4422275318e-01 1.9450053041e-01 
3.6834697428e-02 -5.9127318826e-01 -6.6385668339e-01 4.3851929689e-01 -1.9487486282e-01 
4.5392643208e-02 -6.1200237272e-01 -7.1248190471e-01 -5.0441769265e-01 2.1500752774e-01 
5.0795488489e-02 -6.2420151836e-01 -7.5291995053e-01 -5.6947666329e-01 -2.3294212341e-01 
-5.0529197550e-02 6.2492155567e-01 7.5362182677e-01 5.6967163839e-01 2.3295851482e-01 
-4.5485849078e-02 6.1272340142e-01 7.1309943572e-01 5.0436848201e-01 -2.1512122338e-01 
-3.6572208158e-02 5.9161500187e-01 6.6344888861e-01 -4.3806902352e-01 1.9487580802e-01 
-2.9985604961e-02 5.7834180771e-01 6.4000276579e-01 -4.4395165137e-01 -1.9438206365e-01 
-3.4266516139e-02 5.8524041676e-01 -4.3568788981e-01 4.8212791221e-01 1.8308753168e-01 
-4.8429724759e-02 6.2675928242e-01 -4.9065272333e-01 5.3090636782e-01 -1.7326457952e-01 
-6.9458095907e-02 6.8879525787e-01 -5.9312358222e-01 -4.5063502981e-01 2.3961368749e-01 
-8.1764414410e-02 7.3180346326e-01 -6.7529316406e-01 -5.7428929744e-01 -2.4781839917e-01 
-4.4754558499e-02 -2.5693691293e-01 6.0350707566e-01 3.8592646475e-01 1.3389009831e-01 
-7.4496555287e-02 -3.1884020600e-01 7.0458772340e-01 4.9088423716e-01 -1.1518537518e-01 
-1.2168603834e-01 -4.2634184977e-01 8.6017756737e-01 -2.7280640616e-01 2.2448422415e-01 
-1.5564631049e-01 -5.1035861019e-01 9.7542867714e-01 -4.4758108850e-01 -2.2232965739e-01 
-1.7681010443e-01 -5.6448022940e-01 -4.3586873702e-01 5.9151951942e-01 1.7464639984e-01 
-2.2975895080e-01 -6.8905477700e-01 -6.1781618546e-01 7.8359617896e-01 -1.6394644616e-01 
-2.9913907478e-01 -8.6615021255e-01 -8.9199914733e-01 -5.6344180181e-01 3.3172521721e-01 
-3.3905966811e-01 -9.7952353502e-01 -1.0833523847e+00 -8.0404335005e-01 -3.3231774751e-01 


