-5.6120509795e-01 -8.6783250389e-01 -7.8275261112e-01 -3.6703667029e-01 
-7.0289128914e-01 -1.0663301196e+00 -9.4143702032e-01 4.3208072106e-01 
-5.2415204849e-01 -8.0044181383e-01 7.6737361116e-01 -3.5322471928e-01 
-3.1840270754e-01 -4.4045146773e-01 4.0722722838e-01 2.5488390279e-01 
-5.0003838026e-01 4.4390330405e-01 -7.5156979929e-01 -3.7018367931e-01 
-3.9824004643e-01 1.7167105185e-02 -1.1411063925e-01 2.8161909429e-01 
-2.5236214562e-01 -3.1549666736e-01 2.5173784439e-01 1.3709177922e-01 
-8.9488074581e-02 -6.5044281164e-01 -5.2251679439e-01 -2.7380268164e-01 
-8.9636291142e-02 -6.5029771590e-01 -5.2226002534e-01 -2.7340182534e-01 
-2.5187148161e-01 -3.1566024378e-01 2.5179845302e-01 1.3722789078e-01 
-3.9814531050e-01 1.7110264726e-02 -1.1398219056e-01 2.8185429478e-01 
-4.9984813744e-01 4.4365823243e-01 -7.5127189925e-01 -3.7021217007e-01 
-3.1790406050e-01 -4.4074563128e-01 4.0702410328e-01 2.5498981193e-01 
-5.2365971240e-01 -7.9979985281e-01 7.6711488909e-01 -3.5341501050e-01 
-7.0295918279e-01 -1.0661742594e+00 -9.4165150741e-01 4.3228497830e-01 
-5.6074744331e-01 -8.6855472669e-01 -7.8285948713e-01 -3.6700831463e-01 


-3.7973911433e-02 1.2840848514e-01 2.9139130309e-01 2.6595272291e-01 
-1.2581530237e-01 -2.7080057708e-01 -3.2401999070e-01 -1.3859337811e-01 
-3.0609381241e-01 -5.6636686505e-01 3.3858302031e-01 -2.7171641007e-01 
-4.6063855205e-01 -8.8923482016e-01 9.1000257947e-01 3.6504450497e-01 
-2.5094035328e-01 7.6190342274e-01 -4.8237718069e-01 -2.9482051877e-01 
-4.5533999857e-01 1.1008237097e+00 -9.5924792835e-01 3.7977089748e-01 
-6.6829502618e-01 9.2534585930e-01 8.5563715994e-01 -5.5486484815e-01 
-5.5605419843e-01 7.4970518225e-01 8.1436876172e-01 5.0149808837e-01 
5.5578807952e-01 -7.4904717190e-01 -8.1391249298e-01 -5.0138973555e-01 
6.6808732049e-01 -9.2507997077e-01 -8.5557026178e-01 5.5453734810e-01 
4.5554521147e-01 -1.1011006217e+00 9.5968401619e-01 -3.8025329097e-01 
2.5090557754e-01 -7.6208779352e-01 4.8186331193e-01 2.9461883966e-01 
4.6052755617e-01 8.8941454997e-01 -9.0951428085e-01 -3.6524986394e-01 
3.0628671209e-01 5.6607230740e-01 -3.3891202101e-01 2.7179655500e-01 
1.2649039192e-01 2.7078989814e-01 3.2419649415e-01 1.3870916192e-01 
3.8147340248e-02 -1.2889798138e-01 -2.9111036375e-01 -2.6524343958e-01 


-1.6629642275e+00 -1.1920806048e+00 -7.7571844103e-01 -3.1817924718e-01 
-1.7526290543e+00 -1.3058127251e+00 -8.1882149751e-01 3.1847453428e-01 
-1.7596803559e+00 -1.2829739837e+00 7.7581221996e-01 -3.0434043414e-01 
-1.7103302980e+00 -1.1754087709e+00 8.1880586676e-01 3.0432727362e-01 
-1.7103705317e+00 1.1918353116e+00 -7.1431772176e-01 -2.5879138643e-01 
-1.7597016769e+00 1.3058114289e+00 -6.8962658097e-01 2.5878143358e-01 
-1.7523999557e+00 1.2830630532e+00 7.1428018146e-01 -2.5663977522e-01 
-1.6626753094e+00 1.1753645675e+00 6.8964947194e-01 2.5649514701e-01 
1.6627128538e+00 -1.1753471481e+00 -6.8954973093e-01 -2.5646728630e-01 
1.7524451493e+00 -1.2829692847e+00 -7.1427245699e-01 2.5663399665e-01 
1.7597768815e+00 -1.3058394347e+00 6.8964344779e-01 -2.5891962341e-01 
1.7104234030e+00 -1.1917995643e+00 7.1430964426e-01 2.5877114988e-01 
1.7104664330e+00 1.1753979173e+00 -8.1884211133e-01 -3.0433576266e-01 
1.7597554422e+00 1.2828674702e+00 -7.7597261714e-01 3.0439258265e-01 
1.7526072825e+00 1.3057922586e+00 8.1876656874e-01 -3.1848870784e-01 
1.6629667289e+00 1.1920062291e+00 7.7575979868e-01 3.1802731439e-01 


9.5042064709e+01 2.2821613455e+02 2.1512463720e+02 7.1595628606e+01 
7.8778155563e+01 1.5346007966e+02 1.1147633541e+02 7.1725667705e+01 
6.7195999028e+01 1.1727444080e+02 2.1558634079e+02 4.4855881804e+01 
6.3304007059e+01 1.1494279000e+02 1.1152030513e+02 4.4854764804e+01 
6.3287990794e+01 2.2881222222e+02 1.0938413987e+02 4.7601160049e+01 
6.7192235358e+01 1.5340045847e+02 1.3760851005e+02 4.7584692894e+01 
7.8842588859e+01 1.1726740364e+02 1.0935067757e+02 5.5856002103e+01 
9.5169396053e+01 1.1493898478e+02 1.3759602319e+02 5.5816923318e+01 
9.5112442558e+01 1.1492325827e+02 1.3757352871e+02 5.5782370447e+01 
7.8840288259e+01 1.1726069039e+02 1.0932572883e+02 5.5849470787e+01 
6.7197187821e+01 1.5345998111e+02 1.3771795737e+02 4.7626623606e+01 
6.3257570329e+01 2.2886936633e+02 1.0932064738e+02 4.7591780990e+01 
6.3255456703e+01 1.1495545821e+02 1.1149213284e+02 4.4858589444e+01 
6.7166455066e+01 1.1729333375e+02 2.1535857579e+02 4.4892500873e+01 
7.8814657126e+01 1.5338511160e+02 1.1144365843e+02 7.1747454484e+01 
9.5030625105e+01 2.2832088910e+02 2.1488330471e+02 7.1502846435e+01 


-5.1456801129e-01 7.4014597436e-01 1.2929927019e+00 7.1215946322e-01 
-4.6124319426e-01 7.1254441683e-01 8.1785122640e-01 -4.4014601029e-01 
-4.3108687300e-01 7.1864750601e-01 2.4477506234e-01 4.6799926869e-01 
-3.3522993513e-01 9.6891507991e-01 -1.1685606423e-01 -4.5803145079e-01 
3.7687938687e-03 1.6723077851e+00 5.7930054804e-01 -5.4537572208e-03 
3.5679896860e-01 1.1397021055e+00 1.7572876791e+00 1.3513351203e-01 
1.0069538126e+00 -3.1232878295e-01 -1.8042487292e-01 9.1757820743e-01 
1.1559697715e+00 -1.0635331146e+00 -1.5971973438e+00 -8.4022988005e-01 
1.1558482251e+00 -1.0633980374e+00 -1.5970262133e+00 -8.3983282164e-01 
1.0074920507e+00 -3.1254357025e-01 -1.8036807796e-01 9.1770402214e-01 
3.5708538029e-01 1.1396326566e+00 1.7574697330e+00 1.3513019738e-01 
4.1055106138e-03 1.6720855656e+00 5.7956829372e-01 -5.5563770565e-03 
-3.3413116811e-01 9.6857709276e-01 -1.1713089739e-01 -4.5795462953e-01 
-4.3022602463e-01 7.1879845298e-01 2.4423968915e-01 4.6803802892e-01 
-4.6141153705e-01 7.1259746619e-01 8.1740025152e-01 -4.3997822532e-01 
-5.1410008933e-01 7.3906528333e-01 1.2930606894e+00 7.1167902699e-01 


1.2086883163e+00 2.0901808483e+00 1.6616219649e+00 7.5681674978e-01 
1.1104248313e+00 1.3750550506e+00 6.0379907459e-01 -9.4282284576e-01 
4.4477127667e-01 -1.1339843687e-01 -2.0933647206e+00 -3.6372700732e-02 
5.0363998722e-02 -7.4861024038e-01 -1.0086118296e+00 -1.0553619811e-01 
-3.3853242464e-01 -1.4567631324e+00 3.9287894295e-01 5.1046155446e-01 
-5.0483479647e-01 -1.0469968229e+00 -3.7920312259e-01 -4.9198792305e-01 
-6.5492542470e-01 -6.6023700624e-01 -6.7732496220e-01 1.8781902813e-01 
-6.2516494261e-01 -6.0489152205e-01 -8.2391920550e-01 -4.1430630544e-01 
6.2479352934e-01 6.0547178782e-01 8.2386432917e-01 4.1428604127e-01 
6.5457126176e-01 6.6008123108e-01 6.7735376200e-01 -1.8812503467e-01 
5.0475837810e-01 1.0468144999e+00 3.7959487474e-01 4.9214764309e-01 
3.3831016090e-01 1.4564778976e+00 -3.9337084780e-01 -5.1058865568e-01 
-5.0783548278e-02 7.4879909425e-01 1.0092006750e+00 1.0535599158e-01 
-4.4470653055e-01 1.1313382615e-01 2.0934082804e+00 3.6401809921e-02 
-1.1097452045e+00 -1.3750929259e+00 -6.0369448223e-01 9.4295737049e-01 
-1.2085158964e+00 -2.0907564566e+00 -1.6612737850e+00 -7.5620302333e-01 


