00
-4.2341108920e-01
-6.9765271584e-02
-1.3455219119e+00
2.0687806489e+03
-3.6241786513e-01
1.0954354129e+00
01
-7.6974698006e-01
2.2817838639e-02
-1.0407151468e+00
5.6646858261e+03
5.1667575481e-01
2.2656249027e+00
02
-8.4646602956e-01
1.6149132396e-01
-7.4902945188e-01
7.2106351555e+03
1.0933194482e+00
2.3022056116e+00
03
-6.6186898708e-01
2.4441863711e-01
-4.5893929595e-01
5.1458867231e+03
1.0545222255e+00
1.6035757529e+00
04
-2.7957429335e-01
1.8174402742e-01
-1.6652331437e-01
1.4851541983e+03
4.6427279258e-01
6.4519152228e-01
10
-5.1370982707e-01
-1.1413559586e-01
-1.3848823987e+00
1.9225023717e+03
-3.1217337401e-01
1.0790784558e+00
11
-9.2938998112e-01
-1.4658492354e-01
-1.1102190855e+00
4.8241363630e+03
6.3616289286e-01
2.0264064462e+00
12
-1.0028576113e+00
-1.8168870188e-01
-8.1659018266e-01
5.4452257108e+03
1.1105740278e+00
1.7876316931e+00
13
-7.7075367433e-01
-1.4840983836e-01
-5.0084289163e-01
3.2532725172e+03
8.6142307489e-01
9.9347122685e-01
14
3.0641094299e-01
-1.3372261667e-01
1.6671661367e-01
1.4895932232e+03
-3.5106650427e-01
-7.1438162334e-01
20
-4.4448041696e-01
-2.4515731666e-01
-1.3920925709e+00
1.7360671298e+03
-3.2395462442e-01
8.0862760757e-01
21
-7.5975887367e-01
-4.2343684558e-01
-1.1164321810e+00
3.9573301134e+03
5.9355877784e-01
1.3408391706e+00
22
-7.8418867901e-01
-4.6948634742e-01
-8.1116722214e-01
4.1027902468e+03
9.8436965138e-01
7.8294314507e-01
23
7.0413516077e-01
7.1556214913e-02
4.5906061500e-01
5.1547238840e+03
-2.3293066620e-01
-1.9076457635e+00
24
-2.7926377401e-01
-1.2411912363e-01
-1.8334542585e-01
1.0341340847e+03
3.4219691065e-01
1.7858490454e-01
30
-3.5536565736e-01
-3.6648323828e-01
-1.3745222123e+00
1.6475552105e+03
-3.3682155265e-01
5.8823330152e-01
31
-5.6087185710e-01
-6.8522732639e-01
-1.0755952371e+00
3.5665271927e+03
5.5292624002e-01
8.8783815189e-01
32
-5.6907950914e-01
-8.0483617524e-01
-7.5711561333e-01
3.6535932407e+03
9.6423678349e-01
1.8063490392e-01
33
6.0618281181e-01
5.0103676658e-01
5.0072059382e-01
3.2523439083e+03
-2.7682384208e-01
-1.2839416369e+00
34
2.5186302841e-01
1.7339284183e-01
1.8335410362e-01
1.0341345320e+03
-3.0403367217e-01
-2.3756565911e-01
40
-3.2929030259e-01
-2.3379008026e-01
-1.3752419377e+00
1.5873886664e+03
-2.7939596965e-01
4.4765095616e-01
41
-5.8967872261e-01
-3.6010872428e-01
-1.0735941453e+00
3.3555490100e+03
6.8189696354e-01
5.3636689915e-01
42
7.3631176402e-01
4.5835136292e-01
7.4886744449e-01
7.2246204070e+03
7.7374931601e-01
-2.4296869776e+00
43
-5.6323297336e-01
-2.4815393429e-01
-4.4186093431e-01
3.0470016512e+03
6.6221436160e-01
5.6825030875e-01
44
-2.9087555063e-01
-9.9604369611e-02
-1.5279610495e-01
1.1054749203e+03
1.8512054885e-01
4.3421563347e-01
50
-2.7869400562e-01
-3.5631421391e-01
-1.3840673934e+00
1.5745324765e+03
-1.7103850921e-01
2.9013682772e-01
51
-4.9639266230e-01
-6.4127118937e-01
-1.0967150568e+00
3.4129588611e+03
9.5460972626e-01
1.4481384183e-01
52
5.5663641393e-01
8.5744178521e-01
8.1620949075e-01
5.4434320364e+03
5.4568064714e-01
-2.0297839177e+00
53
-3.0183165965e-01
-7.0917404215e-01
-4.4090280254e-01
3.1869354380e+03
1.1205708828e+00
-2.1473987532e-01
54
2.7218464708e-01
1.4307726269e-01
1.5280103921e-01
1.1049755193e+03
-1.1703964918e-01
-4.5699225100e-01
60
-1.9578819550e-01
-3.9754993433e-01
-1.3690390209e+00
1.5289598272e+03
-9.3304971364e-03
5.6150508725e-02
61
-3.8795608743e-01
-7.9815529801e-01
-1.0704233421e+00
3.4563813295e+03
1.3595598623e+00
-3.4641409153e-01
62
1.9756580895e-01
8.9126450345e-01
8.1115320427e-01
4.1004517483e+03
-1.1219882324e-01
-1.2535212982e+00
63
4.0173292258e-01
4.6525132338e-01
4.4193808288e-01
3.0493162751e+03
-3.5714877922e-01
-7.9718952386e-01
64
-8.0194518631e-02
-3.7795858432e-01
-1.5332474819e-01
1.1421965199e+03
5.9261953135e-01
-6.8579145558e-02
70
-9.6317903826e-02
-3.7391950460e-01
-1.3408756133e+00
1.4833962107e+03
3.5760305799e-02
-3.8578985207e-02
71
-1.4955834740e-01
-7.9230861662e-01
-1.0077522521e+00
3.4456871912e+03
1.4884043602e+00
-4.7740514898e-01
72
-1.4027383637e-01
9.7377177139e-01
7.5710838973e-01
3.6525032651e+03
-5.7785348301e-01
-7.9557603355e-01
73
-2.9603092470e-02
7.6930414526e-01
4.4085596802e-01
3.1877093950e+03
-1.1048336406e+00
-2.8459642552e-01
74
2.1575823552e-02
3.8534490670e-01
1.5321138614e-01
1.1406505651e+03
-5.9568277777e-01
-2.2563147181e-02
80
-3.4253271804e-01
-1.7937043287e-01
-1.3408584246e+00
1.4833798634e+03
-4.6179523073e-02
2.5570308576e-02
81
4.1210929761e-01
6.5545288188e-01
1.0405399226e+00
5.6695529853e+03
1.6969102910e+00
-1.5876965449e+00
82
-7.8708923828e-01
-3.4088504783e-01
-7.0002643777e-01
4.0533294303e+03
1.8429575801e-01
1.0576667186e+00
83
-6.6647461403e-01
-3.3242563927e-01
-3.9802134141e-01
3.5408010198e+03
-2.4184241958e-01
1.1915425352e+00
84
-3.4829330418e-01
-1.6557582484e-01
-1.3572684248e-01
1.2069975571e+03
-1.8959080603e-01
5.6786769577e-01
90
-3.4943613162e-01
-2.7204676712e-01
-1.3690870988e+00
1.5277428590e+03
5.7873628915e-02
1.7985753285e-03
91
2.8194044691e-01
9.0021241924e-01
1.1099782703e+00
4.8229665109e+03
1.5329127109e+00
-1.4669631322e+00
92
-5.7084198852e-01
-6.8438883359e-01
-7.5443254501e-01
4.2317103499e+03
7.7938991676e-01
6.8472345385e-01
93
-2.3344026329e-01
-6.9071617686e-01
-4.1841790473e-01
3.1064783625e+03
5.0256357196e-01
6.0856912839e-01
94
3.2254751291e-01
2.1192736313e-01
1.3579827868e-01
1.2074691761e+03
2.6435763600e-01
-5.3665285368e-01
100
-2.9732880751e-01
-3.3892177838e-01
-1.3840463981e+00
1.5757939667e+03
3.1783862390e-01
-1.1324832369e-01
101
-4.9959693656e-02
8.6779262421e-01
1.1164515332e+00
3.9587874906e+03
9.4134155481e-01
-1.1226474742e+00
102
-3.7725056420e-01
-9.1114916275e-01
-7.5343533321e-01
4.6952421701e+03
1.7521219485e+00
1.4355290724e-01
103
4.8399898214e-01
5.6498770380e-01
3.9817230247e-01
3.5433691974e+03
6.8307972474e-01
-1.0053731451e+00
104
-2.2422427505e-02
-3.4302312418e-01
-1.4600712436e-01
1.0909982489e+03
3.8003952436e-01
2.1034061658e-01
110
-1.6512862531e-01
-3.6649950952e-01
-1.3752364603e+00
1.5882651487e+03
4.9361564282e-01
-1.8517654227e-01
111
-3.3808048906e-01
8.1720865395e-01
1.0756021037e+00
3.5673637986e+03
5.1672727125e-01
-9.1036472866e-01
112
7.5151243276e-02
-9.5000269123e-01
-6.9072727632e-01
5.2250653881e+03
2.2531679716e+00
-4.2010919297e-02
113
-6.8317575132e-02
7.2579296833e-01
4.1845287323e-01
3.1083810966e+03
-2.1293732561e-01
-7.6068534711e-01
114
-2.8203720499e-02
3.4275149709e-01
1.4600098507e-01
1.0919719926e+03
-3.4586475311e-01
-2.6323688785e-01
120
-2.9010734731e-01
-4.1811296686e-01
-1.3745700973e+00
1.6455637395e+03
6.4271434178e-01
-2.1347770349e-01
121
-3.5995772299e-02
6.8747910037e-01
1.0736313414e+00
3.3571111602e+03
1.4545825251e-01
-8.5795666590e-01
122
3.8082970377e-01
7.6623508662e-01
7.0000725682e-01
4.0550393467e+03
5.3887452149e-01
-9.2909576487e-01
123
-2.6082685733e-01
-7.8275385704e-01
-4.3883268062e-01
3.1806073493e+03
9.3134286709e-01
5.3579728112e-01
124
-1.0381350919e-01
-3.2882227623e-01
-1.5787413842e-01
1.0647160445e+03
5.9177114729e-02
3.1749098358e-01
130
-1.6332585521e-01
-4.7990867108e-01
-1.3920310998e+00
1.7370581164e+03
8.5220212113e-01
-1.7431873560e-01
131
-3.4275346492e-01
7.3277169611e-01
1.0966460170e+00
3.4161890216e+03
-3.0585445050e-01
-9.1662838123e-01
132
-5.1949009370e-02
8.8911453540e-01
7.5432697375e-01
4.2346807543e+03
-9.8285127381e-02
-1.0325629926e+00
133
2.6792986101e-01
-7.9037303723e-01
-3.9877173043e-01
4.2429859944e+03
1.7018843963e+00
5.3404338462e-01
134
5.0416662888e-02
3.4115641675e-01
1.5788637713e-01
1.0649181292e+03
-8.9325175223e-03
-3.2282344376e-01
140
-1.7577313347e-02
-5.2606175021e-01
-1.3847866252e+00
1.9203026355e+03
1.1178029501e+00
-1.0787136597e-01
141
-5.1287103369e-01
7.2458595929e-01
1.0704091249e+00
3.4584497793e+03
-9.5491536069e-01
-1.0253284574e+00
142
-3.4822996208e-01
9.2542635285e-01
7.5342949540e-01
4.6994658744e+03
-1.1797143049e+00
-1.3005819101e+00
143
-9.7274279958e-02
8.2041072403e-01
4.3882946957e-01
3.1838449733e+03
-6.1625998891e-01
-8.7971827538e-01
144
2.5508480621e-01
-3.2669501502e-01
-1.3735873665e-01
1.3370248803e+03
6.2846159160e-01
4.0082767569e-01
150
2.6955785883e-02
-4.2968653176e-01
-1.3453358575e+00
2.0717495946e+03
1.1490723308e+00
-1.1073602582e-01
151
-5.8990021311e-01
5.5033648729e-01
1.0077171785e+00
3.4440727717e+03
-1.1979528707e+00
-1.0026574464e+00
152
-6.6437831852e-01
6.8564073312e-01
6.9071751270e-01
5.2216877621e+03
-1.7646991630e+00
-1.4017712350e+00
153
-5.5452438046e-01
6.2386335881e-01
3.9860437873e-01
4.2380771871e+03
-1.3620496263e+00
-1.1524012796e+00
154
-2.9742646294e-01
2.8821569523e-01
1.3726967933e-01
1.3369514026e+03
-5.6775707730e-01
-4.8308407676e-01
160
2.6945190966e-02
4.2964855310e-01
1.3453758601e+00
2.0704840064e+03
1.1490657107e+00
1.1053099705e-01
161
-5.9000603264e-01
-5.5042084967e-01
-1.0077411879e+00
3.4435588872e+03
-1.1980161281e+00
1.0027148861e+00
162
-6.6422164581e-01
-6.8586369637e-01
-6.9075384124e-01
5.2205738052e+03
-1.7644586731e+00
1.4017807154e+00
163
-5.5441629876e-01
-6.2364863534e-01
-3.9862040149e-01
4.2365940323e+03
-1.3619095634e+00
1.1527138317e+00
164
-2.9719090143e-01
-2.8794838420e-01
-1.3722366733e-01
1.3357730550e+03
-5.6756710640e-01
4.8309517221e-01
170
-1.7805482622e-02
5.2637606950e-01
1.3847515267e+00
1.9218360318e+03
1.1175678159e+00
1.0834419968e-01
171
-5.1273280960e-01
-7.2446311434e-01
-1.0703801564e+00
3.4565697164e+03
-9.5483419009e-01
1.0252747759e+00
172
-3.4799607708e-01
-9.2504038186e-01
-7.5339585447e-01
4.6982794274e+03
-1.1795626911e+00
1.3007497810e+00
173
-9.7239975187e-02
-8.1970776686e-01
-4.3879664003e-01
3.1807735983e+03
-6.1628870693e-01
8.8021865237e-01
174
2.5486382521e-01
3.2661525161e-01
1.3730257885e-01
1.3360145173e+03
6.2821209902e-01
-4.0061102205e-01
180
-1.6318492639e-01
4.7982943838e-01
1.3920512788e+00
1.7367384736e+03
8.5235991906e-01
1.7413081660e-01
181
-3.4296344695e-01
-7.3287918101e-01
-1.0966781865e+00
3.4163475266e+03
-3.0602842922e-01
9.1672564715e-01
182
-5.2205972615e-02
-8.8946100491e-01
-7.5435388435e-01
4.2359833510e+03
-9.8504646285e-02
1.0323900418e+00
183
2.6811300346e-01
7.8986934704e-01
3.9880284269e-01
4.2416187874e+03
1.7021252466e+00
-5.3470163018e-01
184
5.0414810576e-02
-3.4094719979e-01
-1.5788278243e-01
1.0646918118e+03
-8.9348502232e-03
3.2300943539e-01
190
-2.9028440925e-01
4.1798978179e-01
1.3745593666e+00
1.6463075655e+03
6.4252559957e-01
2.1341320287e-01
191
-3.5869741997e-02
-6.8709182724e-01
-1.0736744697e+00
3.3548274751e+03
1.4561282025e-01
8.5861220511e-01
192
3.8112634853e-01
-7.6588199268e-01
-7.0011240876e-01
4.0540352906e+03
5.3925652603e-01
9.3010538160e-01
193
-2.6056252712e-01
7.8271505302e-01
4.3888200638e-01
3.1817799688e+03
9.3171584040e-01
-5.3609304408e-01
194
-1.0362755924e-01
3.2881737854e-01
1.5788788700e-01
1.0647562762e+03
5.9384103296e-02
-3.1758165380e-01
200
-1.6510317987e-01
3.6651595050e-01
1.3752181509e+00
1.5881987154e+03
4.9359569257e-01
1.8529813274e-01
201
-3.3794874025e-01
-8.1687348197e-01
-1.0756435229e+00
3.5653350476e+03
5.1683539418e-01
9.1092964702e-01
202
7.5514929954e-02
9.4974234873e-01
6.9074422255e-01
5.2258411444e+03
2.2535859900e+00
4.1679002583e-02
203
-6.8184860412e-02
-7.2601103925e-01
-4.1848702307e-01
3.1087379910e+03
-2.1283232373e-01
7.6069083075e-01
204
-2.8301934694e-02
-3.4269354256e-01
-1.4597108258e-01
1.0910464671e+03
-3.4591236603e-01
2.6309391895e-01
210
-2.9696742686e-01
3.3858061647e-01
1.3841419215e+00
1.5738700132e+03
3.1847488279e-01
1.1235443022e-01
211
-4.9852310343e-02
-8.6749295077e-01
-1.1164830718e+00
3.9565915278e+03
9.4142808718e-01
1.1231177828e+00
212
-3.7730105037e-01
9.1093049373e-01
7.5342019317e-01
4.6975332042e+03
1.7520153485e+00
-1.4370689337e-01
213
4.8301018915e-01
-5.6469166142e-01
-3.9805116516e-01
3.5383326167e+03
6.8222196176e-01
1.0049178328e+00
214
-2.2276722963e-02
3.4325143928e-01
1.4604938559e-01
1.0923353026e+03
3.8032068207e-01
-2.1036583165e-01
220
-3.4991486904e-01
2.7221132105e-01
1.3689928176e+00
1.5302301414e+03
5.7048384793e-02
-1.1395625337e-03
221
2.8189875261e-01
-8.9994223159e-01
-1.1100035667e+00
4.8228260310e+03
1.5328448495e+00
1.4673446416e+00
222
-5.7131555846e-01
6.8494944647e-01
7.5437300176e-01
4.2350838575e+03
7.7863228772e-01
-6.8390671206e-01
223
-2.3344063129e-01
6.9128044569e-01
4.1851417462e-01
3.1092636603e+03
5.0301578529e-01
-6.0847806653e-01
224
3.2221126282e-01
-2.1200965411e-01
-1.3577878156e-01
1.2062551316e+03
2.6407311423e-01
5.3645923775e-01
230
-3.4232097319e-01
1.7941952087e-01
1.3408820328e+00
1.4832588072e+03
-4.5882631824e-02
-2.5639301566e-02
231
4.1238319126e-01
-6.5568180790e-01
-1.0404899427e+00
5.6724933128e+03
1.6972420913e+00
1.5872670365e+00
232
-7.8660221566e-01
3.4100193838e-01
6.9997884168e-01
4.0527503160e+03
1.8455431471e-01
-1.0573438881e+00
233
-6.6611448160e-01
3.3271816213e-01
3.9799149479e-01
3.5403819962e+03
-2.4162929807e-01
-1.1911045537e+00
234
-3.4804956856e-01
1.6589439202e-01
1.3569598237e-01
1.2061838122e+03
-1.8947467740e-01
-5.6739052437e-01
240
-9.6268612869e-02
3.7390241681e-01
1.3408968282e+00
1.4833198352e+03
3.5902591937e-02
3.8466016151e-02
241
-1.4953095745e-01
7.9226461277e-01
1.0077481989e+00
3.4447375027e+03
1.4884140662e+00
4.7737336021e-01
242
-1.4021442560e-01
-9.7423796064e-01
-7.5709435798e-01
3.6536515199e+03
-5.7776209689e-01
7.9503843371e-01
243
-2.9811512862e-02
-7.6948194450e-01
-4.4090288282e-01
3.1880528675e+03
-1.1051825268e+00
2.8468730504e-01
244
2.1520024285e-02
-3.8553865024e-01
-1.5325407200e-01
1.1415042819e+03
-5.9589395683e-01
2.2594314864e-02
250
-1.9544188460e-01
3.9700176503e-01
1.3691831669e+00
1.5260687318e+03
-8.2842605278e-03
-5.7342267181e-02
251
-3.8770314238e-01
7.9765581253e-01
1.0705186225e+00
3.4547657109e+03
1.3602752536e+00
3.4563792101e-01
252
1.9747282429e-01
-8.9131947475e-01
-8.1118334313e-01
4.1000698991e+03
-1.1235982497e-01
1.2536158593e+00
253
4.0141991459e-01
-4.6505595254e-01
-4.4193513988e-01
3.0476149459e+03
-3.5745254849e-01
7.9736897150e-01
254
-8.0135064145e-02
3.7760720602e-01
1.5329717594e-01
1.1411673295e+03
5.9254909363e-01
6.8337474542e-02
260
-2.7869027652e-01
3.5647675448e-01
1.3840296975e+00
1.5752713740e+03
-1.7125334251e-01
-2.8983126469e-01
261
-4.9687748826e-01
6.4175975665e-01
1.0966529337e+00
3.4156850994e+03
9.5375603464e-01
-1.4417302129e-01
262
5.5744926223e-01
-8.5737126524e-01
-8.1636447153e-01
5.4451133710e+03
5.4614260011e-01
2.0304608437e+00
263
-3.0187963955e-01
7.0978759838e-01
4.4098207845e-01
3.1899757364e+03
1.1209705091e+00
2.1515690466e-01
264
2.7228842541e-01
-1.4335825912e-01
-1.5283998258e-01
1.1055355681e+03
-1.1711312152e-01
4.5687835916e-01
270
-3.2933690361e-01
2.3382437430e-01
1.3751779717e+00
1.5888012253e+03
-2.7981568284e-01
-4.4739288427e-01
271
-5.8951518299e-01
3.6012434604e-01
1.0735532435e+00
3.3566684361e+03
6.8181312573e-01
-5.3625815847e-01
272
7.3600113157e-01
-4.5775006994e-01
-7.4881055064e-01
7.2192558254e+03
7.7356747485e-01
2.4300885393e+00
273
-5.6303674989e-01
2.4815814253e-01
4.4187613970e-01
3.0488965861e+03
6.6250133194e-01
-5.6828141662e-01
274
-2.9109683601e-01
9.9491975068e-02
1.5281288663e-01
1.1061913406e+03
1.8499467568e-01
-4.3437958224e-01
280
-3.5518261659e-01
3.6603066981e-01
1.3746349485e+00
1.6438491646e+03
-3.3595008989e-01
-5.8892430648e-01
281
-5.6110350305e-01
6.8525936686e-01
1.0754854055e+00
3.5655714639e+03
5.5195601326e-01
-8.8769403315e-01
282
-5.6914414288e-01
8.0479698352e-01
7.5710883015e-01
3.6533301056e+03
9.6413052056e-01
-1.8067002174e-01
283
6.0665333566e-01
-5.0089902058e-01
-5.0067799005e-01
3.2524471157e+03
-2.7620988256e-01
1.2839508551e+00
284
2.5176824192e-01
-1.7349030604e-01
-1.8330130033e-01
1.0328433344e+03
-3.0387813077e-01
2.3732617226e-01
290
-4.4450765368e-01
2.4495430841e-01
1.3920907250e+00
1.7341288453e+03
-3.2399331576e-01
-8.0882755197e-01
291
-7.5985589951e-01
4.2370564856e-01
1.1164071957e+00
3.9579016676e+03
5.9328895561e-01
-1.3405596965e+00
292
-7.8395696346e-01
4.6946751719e-01
8.1108608323e-01
4.1006546265e+03
9.8408174690e-01
-7.8296099908e-01
293
7.0447693315e-01
-7.1832678376e-02
-4.5902055112e-01
5.1533745058e+03
-2.3246179108e-01
1.9072604332e+00
294
-2.7941862534e-01
1.2428052353e-01
1.8339148733e-01
1.0345655613e+03
3.4229329617e-01
-1.7847687808e-01
300
-5.1321860600e-01
1.1400161810e-01
1.3849071880e+00
1.9200375472e+03
-3.1154345972e-01
-1.0792329771e+00
301
-9.2927274517e-01
1.4640741975e-01
1.1102112373e+00
4.8226485728e+03
6.3622853017e-01
-2.0265881503e+00
302
-1.0032727036e+00
1.8174271867e-01
8.1658415022e-01
5.4454009716e+03
1.1101205029e+00
-1.7875842100e+00
303
-7.7049638852e-01
1.4841508303e-01
5.0083350535e-01
3.2523177660e+03
8.6162832749e-01
-9.9347163104e-01
304
3.0631463393e-01
1.3345647763e-01
-1.6667630304e-01
1.4869917330e+03
-3.5100878542e-01
7.1404745084e-01
310
-4.2338583860e-01
6.9820078055e-02
1.3455485091e+00
2.0688968252e+03
-3.6225395520e-01
-1.0954063862e+00
311
-7.7019317224e-01
-2.3135540588e-02
1.0407527468e+00
5.6660097300e+03
5.1646610084e-01
-2.2659329711e+00
312
-8.4643433608e-01
-1.6112743354e-01
7.4900580890e-01
7.2073885402e+03
1.0932048195e+00
-2.3018632217e+00
313
-6.6166115544e-01
-2.4451271546e-01
4.5892289424e-01
5.1436338088e+03
1.0546413688e+00
-1.6036810831e+00
314
-2.7979547929e-01
-1.8199375790e-01
1.6652544828e-01
1.4855327587e+03
4.6406123388e-01
-6.4544186408e-01
