00
-1.0322441473e-01
-1.5397290628e-01
-5.8978782178e-01
2.8093014111e+02
-1.7739393823e-01
1.0535522023e-01
01
-1.7972453018e-01
-2.5427715738e-01
-4.2224936410e-01
5.8868439970e+02
-9.9651638755e-02
4.5624626717e-01
02
-1.6899087963e-01
-2.3782545263e-01
-2.4480776950e-01
5.5338873459e+02
-5.2374973595e-02
4.3117509855e-01
03
-8.9747668974e-02
-1.1429293334e-01
-8.4741963969e-02
1.9606416142e+02
-2.4822384864e-02
1.9696682880e-01
10
-7.5524684986e-02
-1.7621996441e-01
-5.9201022810e-01
2.7943383668e+02
-1.3110991401e-01
7.5740382877e-02
11
-1.1141612257e-01
-3.0126469516e-01
-4.2547501966e-01
5.7662067935e+02
1.4063411559e-02
3.8047690113e-01
12
-7.2896630601e-02
-2.9497828625e-01
-2.4709149716e-01
5.2603721310e+02
1.1405535675e-01
3.1755807925e-01
13
7.9670535081e-02
1.2174586107e-01
8.4773020817e-02
1.9632202446e+02
4.1250796722e-02
-1.9404881947e-01
20
-5.9087111210e-02
-1.7572690635e-01
-5.9228350563e-01
2.7610337331e+02
-6.1837740389e-02
3.8446515278e-02
21
-8.4864431364e-02
-2.9956153733e-01
-4.2485228577e-01
5.6290528520e+02
1.8050493047e-01
2.8984125998e-01
22
1.0598224935e-01
2.7177762986e-01
2.4488507083e-01
5.5354851671e+02
1.5487253967e-01
-4.0595361949e-01
23
-2.8243253926e-02
-1.4038837083e-01
-8.5101831816e-02
1.9012139070e+02
9.0528020716e-02
1.2436032681e-01
30
-2.4342678031e-02
-1.8319751737e-01
-5.9032010890e-01
2.7389794396e+02
-1.0632408385e-02
1.3934886809e-02
31
-6.9889127176e-03
-3.2015744399e-01
-4.2055502788e-01
5.5775016288e+02
3.0204252716e-01
2.3531212851e-01
32
-1.7059462580e-03
3.0356133400e-01
2.4708234826e-01
5.2597031003e+02
-3.3150347919e-02
-3.3604631952e-01
33
1.6010456913e-02
1.4229235498e-01
8.5083747167e-02
1.9010377079e+02
-7.9796533394e-02
-1.3149305807e-01
40
-8.1434670772e-02
-1.6572405090e-01
-5.9034217233e-01
2.7380369616e+02
1.6935242875e-02
5.8023422671e-03
41
5.9691780806e-02
3.0525009287e-01
4.2231468697e-01
5.8866558497e+02
2.7779854928e-01
-3.7604387448e-01
42
-1.0355335954e-01
-2.6960743786e-01
-2.4297202581e-01
5.2990094668e+02
9.5925723179e-02
3.0986743878e-01
43
-4.5051290707e-02
-1.3554941549e-01
-8.3312535280e-02
1.9227365605e+02
-9.6697489151e-03
1.5229691989e-01
50
-4.8717533078e-02
-1.7876717674e-01
-5.9226549515e-01
2.7618191987e+02
7.3106742440e-02
-2.7124975653e-03
51
-2.2694716399e-02
3.1956005484e-01
4.2555677168e-01
5.7583812969e+02
1.4437551995e-01
-3.5365352726e-01
52
7.8560811154e-03
-2.9479098245e-01
-2.4211623685e-01
5.3983418968e+02
2.9789037410e-01
2.6873081971e-01
53
3.3325639371e-02
1.3870997690e-01
8.3285710385e-02
1.9197322452e+02
2.2040045669e-02
-1.5092588651e-01
60
-3.5331950180e-02
-1.8802122455e-01
-5.9200171643e-01
2.7910610776e+02
1.5139031109e-01
-1.0005522431e-02
61
-4.5849717872e-02
3.0791590478e-01
4.2479145537e-01
5.6315956736e+02
-4.4698286239e-02
-3.3811644851e-01
62
3.5430337946e-02
2.8629934388e-01
2.4287196290e-01
5.2909883693e+02
-1.8794535036e-02
-3.2355940648e-01
63
2.0879819150e-02
-1.4640424622e-01
-8.3144363657e-02
1.9407960621e+02
1.2899641116e-01
1.3744518305e-01
70
2.1590309271e-04
-1.8515389787e-01
-5.8976684271e-01
2.8096939867e+02
2.0608124897e-01
-1.1005241941e-02
71
-1.2399031615e-01
2.9488957566e-01
4.2061446823e-01
5.5688080721e+02
-1.7928881073e-01
-3.3869015487e-01
72
-7.8438842998e-02
2.8449837924e-01
2.4217772749e-01
5.3935434840e+02
-2.2488041310e-01
-3.3248750615e-01
73
-3.3254802063e-02
1.4429231312e-01
8.3199424951e-02
1.9443298664e+02
-1.1742050948e-01
-1.4787666525e-01
80
2.6008564112e-04
1.8505709917e-01
5.8978099469e-01
2.8092495587e+02
2.0613097592e-01
1.0829998486e-02
81
-1.2420969283e-01
-2.9524607603e-01
-4.2056697370e-01
5.5763617095e+02
-1.7952793820e-01
3.3805798679e-01
82
-7.8463006656e-02
-2.8446943824e-01
-2.4213798113e-01
5.3964369351e+02
-2.2492044672e-01
3.3228212880e-01
83
-3.3185987918e-02
-1.4412344144e-01
-8.3182152025e-02
1.9418728130e+02
-1.1735298270e-01
1.4794478295e-01
90
-3.5333793290e-02
1.8793981180e-01
5.9202273743e-01
2.7921005151e+02
1.5140083882e-01
9.8057120847e-03
91
-4.5947491292e-02
-3.0804917216e-01
-4.2475833964e-01
5.6355171274e+02
-4.4803858805e-02
3.3779051614e-01
92
3.5523736274e-02
-2.8638245467e-01
-2.4289142832e-01
5.2939401358e+02
-1.8697253516e-02
3.2359062199e-01
93
2.0856634247e-02
1.4634494178e-01
8.3150818670e-02
1.9411415715e+02
1.2897770792e-01
-1.3754135181e-01
100
-4.8662783427e-02
1.7889232201e-01
5.9223106126e-01
2.7640206012e+02
7.3120101964e-02
3.0338221682e-03
101
-2.2868672513e-02
-3.2004909277e-01
-4.2546719603e-01
5.7675819049e+02
1.4423319300e-01
3.5265820850e-01
102
7.9245813671e-03
2.9493009111e-01
2.4208159309e-01
5.3981393530e+02
2.9790380856e-01
-2.6840016323e-01
103
3.3236021404e-02
-1.3873399804e-01
-8.3246915191e-02
1.9184735706e+02
2.1979001823e-02
1.5067567585e-01
110
-8.1385806785e-02
1.6583179679e-01
5.9034317561e-01
2.7390324547e+02
1.6985501840e-02
-5.7002653962e-03
111
5.9573711181e-02
-3.0547248710e-01
-4.2224436225e-01
5.8910914078e+02
2.7771830009e-01
3.7543253069e-01
112
-1.0355504410e-01
2.6973352924e-01
2.4295640609e-01
5.3003125820e+02
9.5895949235e-02
-3.0965466691e-01
113
-4.5028397487e-02
1.3559605321e-01
8.3310346820e-02
1.9225278301e+02
-9.6501531274e-03
-1.5223777838e-01
120
-2.4244854972e-02
1.8312359395e-01
5.9038272912e-01
2.7354569867e+02
-1.0397600787e-02
-1.4350363783e-02
121
-6.9835201505e-03
3.2006680365e-01
4.2054769151e-01
5.5736201302e+02
3.0202924360e-01
-2.3536491965e-01
122
-1.7903260065e-03
-3.0369930606e-01
-2.4712537237e-01
5.2607964312e+02
-3.3292832405e-02
3.3614496361e-01
123
1.5853974402e-02
-1.4234177564e-01
-8.5076308649e-02
1.9008806314e+02
-7.9940247859e-02
1.3140224990e-01
130
-5.9157304688e-02
1.7576099453e-01
5.9227523996e-01
2.7627376486e+02
-6.1927748566e-02
-3.8367786554e-02
131
-8.4946973627e-02
2.9967313437e-01
4.2490165799e-01
5.6315020785e+02
1.8055927803e-01
-2.8998306690e-01
132
1.0591076140e-01
-2.7174026085e-01
-2.4487133046e-01
5.5322913682e+02
1.5482173625e-01
4.0591749048e-01
133
-2.8240774641e-02
1.4059417788e-01
8.5127319206e-02
1.9043212025e+02
9.0592890432e-02
-1.2428907165e-01
140
-7.5385701256e-02
1.7596469751e-01
5.9207701116e-01
2.7899308362e+02
-1.3077680447e-01
-7.6333419963e-02
141
-1.1129542918e-01
3.0068086096e-01
4.2555502614e-01
5.7581387790e+02
1.4451056122e-02
-3.8145089663e-01
142
-7.2700396582e-02
2.9469957198e-01
2.4707756545e-01
5.2567447572e+02
1.1420607329e-01
-3.1776970809e-01
143
7.9552675766e-02
-1.2169997688e-01
-8.4762965819e-02
1.9613727842e+02
4.1156455176e-02
1.9404402002e-01
150
-1.0332308124e-01
1.5427714720e-01
5.8971355677e-01
2.8150570970e+02
-1.7771662033e-01
-1.0468717009e-01
151
-1.7993267578e-01
2.5452666736e-01
4.2223396066e-01
5.8920799128e+02
-9.9913200017e-02
-4.5592367607e-01
152
-1.6914974962e-01
2.3804947989e-01
2.4480660523e-01
5.5374699663e+02
-5.2537832716e-02
-4.3094559002e-01
153
-8.9927712818e-02
1.1446447809e-01
8.4779307997e-02
1.9642164421e+02
-2.4887833421e-02
-1.9697302419e-01
