-7.5601482087e-03 -1.5658085440e-02 -1.8646472237e-02 -1.5874868667e-02 -8.0824851976e-03 
-5.6445033585e-03 -1.0980906672e-02 -1.1502309463e-02 -7.5091341609e-03 7.4777772487e-03 
-4.5325139171e-03 -8.4661436515e-03 -8.2407304379e-03 1.2234787938e-02 -3.0780841461e-03 
-2.5866740521e-03 -3.7282862654e-03 -1.0622996093e-03 3.8333966403e-03 2.4884086193e-03 
-4.9891118587e-03 -1.0177852827e-02 1.0631175309e-02 -9.2448848797e-03 -4.6516012306e-03 
-3.0484810000e-03 -5.4485152907e-03 3.4090422037e-03 -8.1507741689e-04 4.0532910407e-03 
-1.9279716014e-03 -2.9889096873e-03 1.6937829719e-04 5.6205817436e-03 3.4350864766e-04 
2.5296892602e-05 1.7519192872e-03 -7.0426982795e-03 -2.8233986395e-03 -9.1899417677e-04 
-7.0843250486e-03 5.4097276407e-03 -1.4657378433e-02 -1.0638837149e-02 -5.0185385700e-03 
-5.1503981930e-03 6.5407283967e-04 -7.4380473266e-03 -2.1697015909e-03 4.4380659063e-03 
-4.0360747425e-03 -1.8993062707e-03 -4.2218269390e-03 6.9762473227e-03 1.1261575906e-05 
-2.0850385980e-03 -6.6442629339e-03 3.0107405641e-03 -1.4937877744e-03 -6.0140486841e-04 
-4.5368671185e-03 -1.0261373689e-04 6.6395150230e-03 -4.0244095938e-03 -1.5837476598e-03 
-2.5633559376e-03 -4.9156823454e-03 -6.6283244303e-04 4.4946167195e-03 9.6348784467e-04 
-1.4151291545e-03 -7.3900331836e-03 -3.8917902594e-03 3.1058325726e-04 3.4590229954e-03 
4.8652995787e-04 -1.2057249249e-02 -1.1056821027e-02 -8.0933471429e-03 -4.0214279460e-03 
4.9482117666e-04 -1.2081803038e-02 -1.1101252403e-02 -8.1461542650e-03 -4.0561807800e-03 
-1.4357163512e-03 -7.4026524667e-03 -3.8891845321e-03 3.1949648607e-04 3.4717744454e-03 
-2.5793747936e-03 -4.8796235123e-03 -6.2262872314e-04 4.4798423621e-03 1.0021069394e-03 
-4.5382815746e-03 -6.5388030549e-05 6.6852168149e-03 -4.0616049047e-03 -1.6082812112e-03 
-2.0742476136e-03 -6.6616210016e-03 3.0623332273e-03 -1.5188890708e-03 -6.1816269550e-04 
-4.0239688449e-03 -1.8955096249e-03 -4.1985232215e-03 6.9641810144e-03 1.8802397676e-05 
-5.1422838689e-03 6.0265955818e-04 -7.4094862262e-03 -2.1452041013e-03 4.4169970612e-03 
-7.0787118322e-03 5.3833827537e-03 -1.4633126758e-02 -1.0623003838e-02 -5.0139770991e-03 
2.0188675961e-05 1.7596242852e-03 -7.0450974553e-03 -2.8343628595e-03 -9.3040651376e-04 
-1.9091293744e-03 -2.9648398344e-03 1.5640340237e-04 5.6116862266e-03 3.4838752356e-04 
-3.0451455716e-03 -5.4511208774e-03 3.3934573190e-03 -8.0714190025e-04 4.0427157412e-03 
-4.9893259196e-03 -1.0168834428e-02 1.0613177230e-02 -9.2179863828e-03 -4.6270804415e-03 
-2.5907733816e-03 -3.7371133948e-03 -1.0733917448e-03 3.8536096379e-03 2.5045050955e-03 
-4.5494370589e-03 -8.4902666099e-03 -8.2671842300e-03 1.2237835827e-02 -3.0894536004e-03 
-5.6851067530e-03 -1.1006940000e-02 -1.1512267328e-02 -7.5133769433e-03 7.4599249079e-03 
-7.5946399230e-03 -1.5682034813e-02 -1.8652748301e-02 -1.5870863512e-02 -8.0793430537e-03 


-4.5590888291e-02 -8.4429735693e-02 -9.4520177693e-02 -7.5659937806e-02 -3.4096985295e-02 
-4.6081576858e-02 -8.5483156590e-02 -9.5952821471e-02 -7.7184328169e-02 3.4206998284e-02 
-4.6242242690e-02 -8.5701373098e-02 -9.6153950725e-02 7.6409950047e-02 -3.4860949696e-02 
-4.6428570299e-02 -8.6157712869e-02 -9.6916290921e-02 7.7546770185e-02 3.4909078605e-02 
-4.5963677013e-02 -8.5119624221e-02 9.5832065841e-02 -7.6492638584e-02 -3.4617897492e-02 
-4.6174079976e-02 -8.5697856772e-02 9.6596433811e-02 -7.7373576538e-02 3.4656688254e-02 
-4.6267253959e-02 -8.6030412444e-02 9.6479020069e-02 7.6856770334e-02 -3.5115347423e-02 
-4.6199121394e-02 -8.6019515919e-02 9.6546302963e-02 7.7302728720e-02 3.5033049818e-02 
-4.5639142072e-02 8.5717345481e-02 -9.5130210637e-02 -7.6499953940e-02 -3.4685053126e-02 
-4.6009702010e-02 8.6255087630e-02 -9.6032077259e-02 -7.7243232228e-02 3.4790885231e-02 
-4.6198754752e-02 8.6122288895e-02 -9.6455213903e-02 7.7046211580e-02 -3.5037505755e-02 
-4.6138892219e-02 8.5850007954e-02 -9.6399413471e-02 7.7115643574e-02 3.4912236557e-02 
-4.6273627729e-02 8.5729982761e-02 9.6114126665e-02 -7.7314332914e-02 -3.4961865137e-02 
-4.6324732329e-02 8.5752149926e-02 9.6262526892e-02 -7.7315313978e-02 3.4965440703e-02 
-4.6406643736e-02 8.5673091444e-02 9.6308530567e-02 7.7356439301e-02 -3.4936453890e-02 
-4.6283725291e-02 8.5210941271e-02 9.5828091689e-02 7.6968454622e-02 3.4844063526e-02 
4.6275545760e-02 -8.5234430905e-02 -9.5896388606e-02 -7.7079275607e-02 -3.4938579493e-02 
4.6515405882e-02 -8.5814409248e-02 -9.6436856960e-02 -7.7449355419e-02 3.4993920590e-02 
4.6337926459e-02 -8.5788034304e-02 -9.6295475957e-02 7.7342671382e-02 -3.4984264857e-02 
4.6182029225e-02 -8.5624151364e-02 -9.6012876554e-02 7.7230262254e-02 3.4911041647e-02 
4.6152947051e-02 -8.5920500435e-02 9.6485372313e-02 -7.7236596804e-02 -3.4993741929e-02 
4.6064287555e-02 -8.5990806838e-02 9.6305110439e-02 -7.6970859442e-02 3.4992732435e-02 
4.5974439345e-02 -8.6198477853e-02 9.5932789849e-02 7.7132758970e-02 -3.4744981675e-02 
4.5680280367e-02 -8.5803511175e-02 9.5223074390e-02 7.6581304214e-02 3.4731616052e-02 
4.6251060378e-02 8.6116218972e-02 -9.6664427353e-02 -7.7429420657e-02 -3.5124993428e-02 
4.6248428456e-02 8.5982956864e-02 -9.6429603309e-02 -7.6795702952e-02 3.5052526127e-02 
4.6181223547e-02 8.5696491187e-02 -9.6596655234e-02 7.7349479860e-02 -3.4648267395e-02 
4.5956616487e-02 8.5105950009e-02 -9.5833154914e-02 7.6511094034e-02 3.4635851334e-02 
4.6332161922e-02 8.6022164396e-02 9.6769220983e-02 -7.7419021668e-02 -3.4835594913e-02 
4.6185818015e-02 8.5653792235e-02 9.6129943870e-02 -7.6400144704e-02 3.4879219710e-02 
4.6138685246e-02 8.5555901050e-02 9.6033032338e-02 7.7245987901e-02 -3.4256479198e-02 
4.5708329303e-02 8.4572456747e-02 9.4655915020e-02 7.5748057080e-02 3.4136539897e-02 


-1.5438048376e-01 -1.2126828346e-01 -8.4037118901e-02 -4.7244488946e-02 -1.5874367186e-02 
-1.5440521828e-01 -1.2132500239e-01 -8.4105800335e-02 -4.7309205433e-02 1.5868479272e-02 
-1.5439108301e-01 -1.2130591720e-01 -8.4085158723e-02 4.7223909745e-02 -1.5900040532e-02 
-1.5437032169e-01 -1.2124868532e-01 -8.4006440518e-02 4.7291571120e-02 1.5898414376e-02 
-1.5437805929e-01 -1.2125545453e-01 8.4006477410e-02 -4.7214519261e-02 -1.5853750757e-02 
-1.5439246385e-01 -1.2128944419e-01 8.4082180806e-02 -4.7208483342e-02 1.5849630764e-02 
-1.5436888749e-01 -1.2125215113e-01 8.4092218929e-02 4.7217878387e-02 -1.5856561363e-02 
-1.5432951020e-01 -1.2116043873e-01 8.4007792789e-02 4.7203235566e-02 1.5844624527e-02 
-1.5433935726e-01 1.2124985120e-01 -8.3945716050e-02 -4.7162493911e-02 -1.5835044395e-02 
-1.5437173286e-01 1.2130684229e-01 -8.4017141628e-02 -4.7189067270e-02 1.5834679962e-02 
-1.5437822946e-01 1.2130477344e-01 -8.4002387184e-02 4.7156944543e-02 -1.5850166392e-02 
-1.5437626828e-01 1.2124950835e-01 -8.3918414141e-02 4.7163440669e-02 1.5833059442e-02 
-1.5436892570e-01 1.2124919753e-01 8.3927461887e-02 -4.7204494041e-02 -1.5859995659e-02 
-1.5439900006e-01 1.2128743871e-01 8.4008055794e-02 -4.7155824313e-02 1.5861081415e-02 
-1.5440193013e-01 1.2127116420e-01 8.4024537038e-02 4.7218294724e-02 -1.5837505026e-02 
-1.5435315531e-01 1.2115915292e-01 8.3921205690e-02 4.7144346239e-02 1.5824927937e-02 
1.5436626750e-01 -1.2118197440e-01 -8.3951282691e-02 -4.7177153150e-02 -1.5848028251e-02 
1.5437600296e-01 -1.2123682768e-01 -8.3996552922e-02 -4.7203308542e-02 1.5837600822e-02 
1.5439973767e-01 -1.2128901223e-01 -8.4012010912e-02 4.7160801551e-02 -1.5864342515e-02 
1.5438643785e-01 -1.2126390186e-01 -8.3937290975e-02 4.7208342159e-02 1.5857695811e-02 
1.5438671344e-01 -1.2126889867e-01 8.3940074944e-02 -4.7188162606e-02 -1.5849275208e-02 
1.5440800580e-01 -1.2133388627e-01 8.4031903420e-02 -4.7173931318e-02 1.5854581711e-02 
1.5437158637e-01 -1.2130146369e-01 8.4002876163e-02 4.7169796982e-02 -1.5825674905e-02 
1.5433832343e-01 -1.2125059462e-01 8.3951761952e-02 4.7171118639e-02 1.5841828750e-02 
1.5433101067e-01 1.2117032854e-01 -8.4024874281e-02 -4.7224033724e-02 -1.5861436692e-02 
1.5436692202e-01 1.2124523731e-01 -8.4083747800e-02 -4.7207108970e-02 1.5845461511e-02 
1.5438759878e-01 1.2127972319e-01 -8.4072338555e-02 4.7197317739e-02 -1.5845263631e-02 
1.5438207592e-01 1.2126272354e-01 -8.4008566083e-02 4.7220997329e-02 1.5857936960e-02 
1.5438674144e-01 1.2126368243e-01 8.4011791491e-02 -4.7287993386e-02 -1.5891891936e-02 
1.5440798700e-01 1.2132638687e-01 8.4104735663e-02 -4.7235582880e-02 1.5908805401e-02 
1.5438970200e-01 1.2130548135e-01 8.4088488719e-02 4.7299284241e-02 -1.5868706378e-02 
1.5435648072e-01 1.2124066549e-01 8.4013372810e-02 4.7229133896e-02 1.5869883861e-02 


1.8756536008e+01 4.5476501026e+01 5.6188524360e+01 4.1555946479e+01 1.2934124471e+01 
1.8751638554e+01 4.5415909815e+01 5.6033256239e+01 4.1334454603e+01 1.2916700959e+01 
1.8829353413e+01 4.5490326092e+01 5.6010429549e+01 4.1602074969e+01 1.2901238876e+01 
1.8812237066e+01 4.5413076738e+01 5.5886046405e+01 4.1407405574e+01 1.2895432619e+01 
1.8792086837e+01 4.5372752242e+01 5.6258113217e+01 4.1394732138e+01 1.2903399705e+01 
1.8766441679e+01 4.5338264309e+01 5.6076080707e+01 4.1342509598e+01 1.2880379495e+01 
1.8790941695e+01 4.5397069804e+01 5.6004618483e+01 4.1411885202e+01 1.2913227501e+01 
1.8743175067e+01 4.5301383704e+01 5.5795180914e+01 4.1328257445e+01 1.2872962215e+01 
1.8730680421e+01 4.5507985560e+01 5.5926273047e+01 4.1436538866e+01 1.2909098816e+01 
1.8770709678e+01 4.5514716852e+01 5.6007828151e+01 4.1402760149e+01 1.2914776582e+01 
1.8817627469e+01 4.5495431577e+01 5.6111534480e+01 4.1492368452e+01 1.2915252112e+01 
1.8774267831e+01 4.5349394908e+01 5.6059949791e+01 4.1339209400e+01 1.2868719698e+01 
1.8817053226e+01 4.5392816712e+01 5.5992155162e+01 4.1411238643e+01 1.2894853220e+01 
1.8808438024e+01 4.5386371985e+01 5.6013827398e+01 4.1526262722e+01 1.2899095070e+01 
1.8771112402e+01 4.5288547658e+01 5.5995730752e+01 4.1362985198e+01 1.2913816760e+01 
1.8804217832e+01 4.5304699254e+01 5.6049646008e+01 4.1465347314e+01 1.2894770568e+01 
1.8804790735e+01 4.5335215494e+01 5.6120905680e+01 4.1546985870e+01 1.2940507555e+01 
1.8849477331e+01 4.5422860365e+01 5.6104743693e+01 4.1419451441e+01 1.2927763489e+01 
1.8805974839e+01 4.5388203923e+01 5.6024743402e+01 4.1537929694e+01 1.2903568753e+01 
1.8760068983e+01 4.5322836645e+01 5.5933432162e+01 4.1378473362e+01 1.2889568063e+01 
1.8766238507e+01 4.5355686273e+01 5.6100198494e+01 4.1404618969e+01 1.2904416122e+01 
1.8744097780e+01 4.5404186483e+01 5.6047743432e+01 4.1475006835e+01 1.2916820616e+01 
1.8755656782e+01 4.5487865677e+01 5.5962535833e+01 4.1350598549e+01 1.2889745294e+01 
1.8745960178e+01 4.5553936442e+01 5.5973534331e+01 4.1491695398e+01 1.2936576654e+01 
1.8764875799e+01 4.5356136495e+01 5.5877931685e+01 4.1418050817e+01 1.2921100147e+01 
1.8785040738e+01 4.5380451773e+01 5.5975727049e+01 4.1384332293e+01 1.2898025199e+01 
1.8763340929e+01 4.5316696022e+01 5.6032921864e+01 4.1298924558e+01 1.2868322140e+01 
1.8779123233e+01 4.5364134188e+01 5.6248723879e+01 4.1403621577e+01 1.2911625166e+01 
1.8757292090e+01 4.5324799768e+01 5.5801130772e+01 4.1349721393e+01 1.2870957184e+01 
1.8796043903e+01 4.5451615811e+01 5.5996936057e+01 4.1607361964e+01 1.2909585221e+01 
1.8814967225e+01 4.5527492813e+01 5.6132491452e+01 4.1396695071e+01 1.2933734316e+01 
1.8818620098e+01 4.5569537785e+01 5.6253685808e+01 4.1584450510e+01 1.2940222725e+01 


-1.5347210423e-02 -1.3501637229e-02 -1.1491254771e-02 -8.2578658758e-03 -3.8875228510e-03 
-1.2573341083e-02 -6.5461449875e-03 -4.9034130532e-04 5.5125474510e-03 4.4939977873e-03 
-8.9283228249e-03 2.7088942116e-03 1.4287067190e-02 1.3202200438e-02 5.8017033968e-03 
-6.1382654185e-03 9.6727481598e-03 2.5277433482e-02 -6.4059059136e-04 -5.1999351912e-03 
-5.0668657674e-03 1.2415623275e-02 2.3652850946e-02 9.8741702815e-03 7.8060245545e-04 
-2.2478646355e-03 1.9474049269e-02 1.2542462971e-02 2.3808787012e-02 -1.8549759372e-04 
1.4813453487e-03 2.8849431917e-02 -2.4184684114e-03 -5.0684559169e-03 1.0590856092e-02 
4.2875122283e-03 3.5838039492e-02 -1.3536836971e-02 -1.9039595402e-02 -9.9757740587e-03 
-1.0542770975e-03 2.9150219935e-02 1.8759679884e-03 -5.8679310258e-03 -4.4112624109e-03 
1.7647083551e-03 2.2105744012e-02 1.3058138584e-02 8.1308426832e-03 5.0245748711e-03 
5.5094402828e-03 1.2640052784e-02 2.8085038999e-02 1.0669253798e-02 5.4410228939e-03 
8.3380298229e-03 5.5805961985e-03 3.9213785161e-02 -3.3372345921e-03 -4.8377079592e-03 
9.3982121858e-03 2.8386964634e-03 9.9694588322e-03 1.2634640618e-02 3.9438468403e-04 
1.2254335795e-02 -4.2896971444e-03 -1.2620674918e-03 2.6675488856e-02 1.7716731534e-04 
1.6022246680e-02 -1.3715903259e-02 -1.6306207476e-02 -7.8824531834e-03 1.0255676827e-02 
1.8788244873e-02 -2.0714286709e-02 -2.7416864264e-02 -2.1817972825e-02 -9.6262630755e-03 
1.8795998720e-02 -2.0731565395e-02 -2.7450909222e-02 -2.1861344428e-02 -9.6567833912e-03 
1.6001607888e-02 -1.3738004533e-02 -1.6312065808e-02 -7.8772033681e-03 1.0268429281e-02 
1.2238414338e-02 -4.2534089759e-03 -1.2211845886e-03 2.6661930559e-02 2.1581839505e-04 
9.3998703228e-03 2.8774219202e-03 1.0016416213e-02 1.2598553213e-02 3.6942780272e-04 
8.3524741024e-03 5.5618410483e-03 3.9276609796e-02 -3.3649090623e-03 -4.8578421568e-03 
5.5332606516e-03 1.2640498038e-02 2.8124948354e-02 1.0654683858e-02 5.4503381538e-03 
1.7727459633e-03 2.2055646746e-02 1.3076809822e-02 8.1430846076e-03 5.0069435084e-03 
-1.0492495532e-03 2.9123661291e-02 1.9046709020e-03 -5.8462379223e-03 -4.4027972922e-03 
4.2833849267e-03 3.5853611904e-02 -1.3545219299e-02 -1.9059057787e-02 -9.9958008484e-03 
1.4988164922e-03 2.8867696638e-02 -2.4281130019e-03 -5.0724854297e-03 1.0587906278e-02 
-2.2485584141e-03 1.9462008808e-02 1.2532014662e-02 2.3806244180e-02 -1.9307762341e-04 
-5.0635806425e-03 1.2432009791e-02 2.3633673884e-02 9.9074308151e-03 8.0880268325e-04 
-6.1252323538e-03 9.6817172652e-03 2.5272821210e-02 -6.1753285391e-04 -5.1779641860e-03 
-8.9268777984e-03 2.7099560233e-03 1.4285182979e-02 1.3195475857e-02 5.7999161849e-03 
-1.2632774057e-02 -6.5986925489e-03 -5.2425605077e-04 5.4951607569e-03 4.4759027064e-03 
-1.5411815508e-02 -1.3564237321e-02 -1.1531379985e-02 -8.2748487180e-03 -3.8900365705e-03 


2.3384107612e-02 1.2947067402e-01 1.4535082188e-01 1.0556486346e-01 4.1774498614e-02 
2.2783820411e-02 1.2809950575e-01 1.4324411410e-01 1.0295573821e-01 -4.1678113025e-02 
2.1863034718e-02 1.2611942607e-01 1.4035104218e-01 -1.0482005109e-01 3.9912873706e-02 
2.1379091700e-02 1.2489796012e-01 1.3849940215e-01 -1.0287681045e-01 -3.9984414013e-02 
2.1326188822e-02 1.2461780573e-01 -1.4356543594e-01 1.0170158167e-01 4.0440467401e-02 
2.1079266387e-02 1.2394979522e-01 -1.4250436853e-01 1.0016235568e-01 -4.0447659247e-02 
2.0607258362e-02 1.2291843118e-01 -1.4113508648e-01 -1.0206632433e-01 3.9504383476e-02 
2.0390697178e-02 1.2231020188e-01 -1.4025940574e-01 -1.0115820286e-01 -3.9650634597e-02 
2.0887888390e-02 -1.2673585780e-01 1.4110203604e-01 1.0289950166e-01 4.0693312716e-02 
2.0615042066e-02 -1.2615894295e-01 1.4022397415e-01 1.0174097848e-01 -4.0584922456e-02 
2.0271322221e-02 -1.2548566642e-01 1.3919407573e-01 -1.0233716567e-01 3.9994142669e-02 
2.0325374903e-02 -1.2528320464e-01 1.3880277389e-01 -1.0196333397e-01 -4.0067915554e-02 
2.0171186545e-02 -1.2515351680e-01 -1.4053594733e-01 1.0163515243e-01 4.0170712449e-02 
2.0353623737e-02 -1.2535574142e-01 -1.4081214953e-01 1.0162369950e-01 -4.0197188064e-02 
2.0549352043e-02 -1.2573488664e-01 -1.4138632372e-01 -1.0228306375e-01 4.0411281457e-02 
2.0469993813e-02 -1.2570170190e-01 -1.4160182637e-01 -1.0273135297e-01 -4.0507879253e-02 
-2.0575839067e-02 1.2584881250e-01 1.4175859936e-01 1.0286594372e-01 4.0585977418e-02 
-2.0247253645e-02 1.2533670880e-01 1.4104848711e-01 1.0207801307e-01 -4.0354530112e-02 
-2.0345940186e-02 1.2533163498e-01 1.4080880978e-01 -1.0163348995e-01 4.0202778192e-02 
-2.0393632230e-02 1.2536937754e-01 1.4071074261e-01 -1.0174796496e-01 -4.0204324450e-02 
-2.0389400863e-02 1.2535762586e-01 -1.3887817766e-01 1.0202748809e-01 4.0107865757e-02 
-2.0628402657e-02 1.2583465604e-01 -1.3956417595e-01 1.0253961351e-01 -4.0071943899e-02 
-2.0649210830e-02 1.2617546665e-01 -1.4021692900e-01 -1.0170761750e-01 4.0563524491e-02 
-2.0839036986e-02 1.2665522544e-01 -1.4105421566e-01 -1.0288250907e-01 -4.0697402865e-02 
-2.0349944064e-02 -1.2228693122e-01 1.4026880564e-01 1.0118698472e-01 3.9684247678e-02 
-2.0611429840e-02 -1.2291453568e-01 1.4112129396e-01 1.0204694600e-01 -3.9484523083e-02 
-2.1035892823e-02 -1.2387900345e-01 1.4243093440e-01 -1.0010356862e-01 4.0423536288e-02 
-2.1363134093e-02 -1.2468539842e-01 1.4357985978e-01 -1.0173120036e-01 -4.0453636921e-02 
-2.1597227122e-02 -1.2514443473e-01 -1.3868598138e-01 1.0297803226e-01 4.0009516862e-02 
-2.2044662732e-02 -1.2631830149e-01 -1.4051952305e-01 1.0491625378e-01 -3.9959406414e-02 
-2.2612272469e-02 -1.2788300667e-01 -1.4303653285e-01 -1.0282110321e-01 4.1630306219e-02 
-2.3089970442e-02 -1.2912492032e-01 -1.4504063468e-01 -1.0536394601e-01 -4.1701994203e-02 


