00
-1.1636971582e-01
-1.4885644227e-01
-6.1467590359e-01
3.1229289468e+02
-2.0331676446e-01
2.1088959301e-01
01
-2.3639926721e-01
-2.5897200053e-01
-4.8186470548e-01
7.6741876384e+02
-1.3387323821e-01
6.9775443199e-01
02
-2.7853124814e-01
-2.7863573241e-01
-3.3550516910e-01
9.4982533995e+02
-7.9532971439e-02
7.7785622202e-01
03
-2.3545628606e-01
-2.1381989782e-01
-1.9084941105e-01
6.9939176379e+02
-4.1465750583e-02
5.7697248442e-01
04
-1.1656507911e-01
-8.6513902708e-02
-6.4783403220e-02
2.1565328149e+02
-1.8706577062e-02
2.3711236395e-01
10
-9.9395761781e-02
-1.7263651744e-01
-6.1707981368e-01
3.1045888085e+02
-1.7298126874e-01
1.8678963037e-01
11
-1.9056957226e-01
-3.1462453586e-01
-4.8647208582e-01
7.5506872970e+02
-5.5328985859e-02
6.3181630353e-01
12
-2.0269500626e-01
-3.5774817366e-01
-3.4078678897e-01
9.1650199628e+02
4.3906385216e-02
6.6919900530e-01
13
-1.4456034076e-01
-2.9832948184e-01
-1.9549888293e-01
6.5166731923e+02
1.0671848468e-01
4.3923728971e-01
14
1.1085411817e-01
9.4230211127e-02
6.4867530185e-02
2.1626469433e+02
3.3848772579e-02
-2.3552867935e-01
20
-7.8568843052e-02
-1.7924316308e-01
-6.1775688475e-01
3.0697394982e+02
-1.2721791141e-01
1.4916959088e-01
21
-1.4355312389e-01
-3.2697748526e-01
-4.8718252979e-01
7.3393632564e+02
5.8714870962e-02
5.3598967149e-01
22
-1.4394923644e-01
-3.7002686184e-01
-3.4103370535e-01
8.7535627694e+02
2.2157178152e-01
5.1911344597e-01
23
1.9026426546e-01
2.5482164693e-01
1.9089079561e-01
6.9992799572e+02
1.4968521729e-01
-5.5866252248e-01
24
-5.3958447346e-02
-1.3126517568e-01
-6.7099365939e-02
2.0528957243e+02
8.7592574515e-02
1.4139409234e-01
30
-5.0165012859e-02
-1.9095687729e-01
-6.1643753274e-01
3.0355104513e+02
-9.3034679733e-02
1.2090009112e-01
31
-7.5640937354e-02
-3.5462708602e-01
-4.8373106642e-01
7.1564439702e+02
1.4138613186e-01
4.6781282102e-01
32
-4.7177202270e-02
-4.1351282395e-01
-3.3620800849e-01
8.4827453162e+02
3.4988728527e-01
4.1780785896e-01
33
8.3461616918e-02
3.2076909175e-01
1.9554550574e-01
6.5192688785e+02
-1.9883084556e-02
-4.5185113505e-01
34
4.4860198786e-02
1.3471709421e-01
6.7122001696e-02
2.0532511200e+02
-7.8164608916e-02
-1.4696121460e-01
40
-7.7067888327e-02
-1.6699401892e-01
-6.1640858812e-01
3.0249149793e+02
-7.5806021829e-02
1.1053979532e-01
41
-1.5280922299e-01
-2.9878509759e-01
-4.8351982667e-01
7.1216875776e+02
1.8497889802e-01
4.4078426621e-01
42
1.7034213521e-01
3.5438076385e-01
3.3557179419e-01
9.4960834218e+02
3.3015476210e-01
-7.0915264252e-01
43
-1.4138356361e-01
-2.6621107690e-01
-1.9039490683e-01
6.4937569303e+02
1.5287232984e-01
3.7626285471e-01
44
-7.1405373202e-02
-1.1955156537e-01
-6.4233103435e-02
2.0842621030e+02
1.7942496892e-02
1.7284536502e-01
50
-5.0745630330e-02
-1.8183424868e-01
-6.1718294117e-01
3.0209508261e+02
-3.5975147223e-02
9.2332638619e-02
51
-9.0743880676e-02
-3.3629642053e-01
-4.8566884805e-01
7.1491363735e+02
2.8523487325e-01
3.9644317114e-01
52
7.0682205883e-02
4.0485949318e-01
3.4079920540e-01
9.1726701671e+02
1.8147479297e-01
-6.4553294592e-01
53
-2.5322256080e-02
-3.2236916200e-01
-1.9035043606e-01
6.5175296382e+02
3.4633828067e-01
2.8290530582e-01
54
6.3425457799e-02
1.2413525445e-01
6.4256087423e-02
2.0864722709e+02
-7.0290790935e-03
-1.7354918719e-01
60
-3.2718211453e-02
-1.8497421846e-01
-6.1586842395e-01
2.9993618091e+02
1.8106311213e-02
6.7628708426e-02
61
-5.4709438075e-02
-3.5209312131e-01
-4.8325287388e-01
7.1342919845e+02
4.1936748452e-01
3.3905633504e-01
62
1.1485601882e-02
3.9586579748e-01
3.4102497666e-01
8.7462835838e+02
-3.5589069382e-02
-5.6426077642e-01
63
8.8128788560e-02
2.8786320832e-01
1.9036527049e-01
6.4902825957e+02
-7.9172713233e-02
-3.9847950317e-01
64
7.5650811982e-04
-1.4899535521e-01
-6.4194567600e-02
2.0862840161e+02
1.5836455850e-01
1.1574423603e-01
70
-4.4909968362e-03
-1.8401271931e-01
-6.1318301952e-01
2.9762472945e+02
5.3724388383e-02
5.0900022192e-02
71
1.4009755432e-02
-3.5622794692e-01
-4.7760380341e-01
7.0935733226e+02
5.0809206493e-01
3.0291423602e-01
72
-9.2017664935e-02
4.0545296532e-01
3.3624562927e-01
8.4784464974e+02
-1.9264034214e-01
-5.1058161097e-01
73
-3.6276442070e-02
3.2082864062e-01
1.9025420485e-01
6.5055445419e+02
-2.8655300265e-01
-3.4314798458e-01
74
-1.0500746815e-02
1.4861730619e-01
6.4186331384e-02
2.0849005050e+02
-1.5078482749e-01
-1.2562992475e-01
80
-1.0191717381e-01
-1.5323165359e-01
-6.1320869261e-01
2.9745117845e+02
-1.4286382674e-02
7.2563361693e-02
81
8.8794577325e-02
3.3840723602e-01
4.8190045351e-01
7.6748655025e+02
4.4128517933e-01
-5.5713005842e-01
82
-2.1637027767e-01
-3.2303255730e-01
-3.3106266635e-01
8.7388546937e+02
3.2194564567e-02
5.4996014051e-01
83
-1.6233877460e-01
-2.7131601027e-01
-1.8656804057e-01
6.6817563460e+02
-8.3600817838e-02
4.4254334545e-01
84
-7.8016439064e-02
-1.2553590053e-01
-6.2845804367e-02
2.1178921144e+02
-6.3097461472e-02
1.8578891821e-01
90
-7.9691359934e-02
-1.6981112620e-01
-6.1591640294e-01
2.9956496603e+02
2.4838506125e-02
6.6076834659e-02
91
2.0892196281e-02
3.6631499221e-01
4.8655687019e-01
7.5498217125e+02
3.4373860437e-01
-5.3412786715e-01
92
-1.1803366321e-01
-3.6913379275e-01
-3.3599409401e-01
8.8347072094e+02
1.9780631885e-01
5.0661600904e-01
93
-3.7029835679e-02
-3.1083619805e-01
-1.8826147152e-01
6.5213405000e+02
1.2405546648e-01
3.7773334881e-01
94
6.9587443476e-02
1.3006003479e-01
6.2835036045e-02
2.1136136552e+02
7.4266147060e-02
-1.8151077351e-01
100
-6.3329465879e-02
-1.7742415323e-01
-6.1717988893e-01
3.0164740258e+02
8.3291779930e-02
5.4688760170e-02
101
-2.6224482238e-02
3.5510721303e-01
4.8724891994e-01
7.3328815042e+02
1.9899988986e-01
-5.0261562229e-01
102
-6.8889798804e-02
-3.9118897279e-01
-3.3585587795e-01
8.9902381479e+02
4.2882888569e-01
4.5272860209e-01
103
1.0894020729e-01
2.9667863558e-01
1.8661155826e-01
6.6816579590e+02
1.6395602733e-01
-4.1971189824e-01
104
-4.8670669148e-04
-1.4251970819e-01
-6.3589262382e-02
2.0746099669e+02
8.4850583935e-02
1.4645054699e-01
110
-3.3152340075e-02
-1.8035991353e-01
-6.1641954669e-01
3.0220224807e+02
1.2627734095e-01
4.6904020462e-02
111
-9.7811142839e-02
3.4854357863e-01
4.8371484327e-01
7.1562764615e+02
9.2571580141e-02
-4.8035556657e-01
112
4.1875867006e-02
-3.9879069513e-01
-3.3080701690e-01
9.1091153152e+02
5.9035770860e-01
4.2229602495e-01
113
-2.1890668160e-02
3.1212827315e-01
1.8820247530e-01
6.5194973401e+02
-5.1239128421e-02
-3.9399147159e-01
114
-8.8174137477e-03
1.4252746757e-01
6.3631851523e-02
2.0790975850e+02
-7.5654024599e-02
-1.5159425689e-01
120
-6.8977700976e-02
-1.8436891924e-01
-6.1644416087e-01
3.0325010532e+02
1.4630038154e-01
4.5351111593e-02
121
-3.1716600759e-03
3.3495522127e-01
4.8352094936e-01
7.1171465980e+02
4.1587909763e-02
-4.7687817031e-01
122
9.9741998682e-02
3.7559528031e-01
3.3106449170e-01
8.7392492886e+02
1.4844041399e-01
-5.3080043267e-01
123
-6.1386178675e-02
-3.1754427602e-01
-1.9008985648e-01
6.5323938654e+02
1.9931990444e-01
3.7463685884e-01
124
-2.4191499944e-02
-1.4088786329e-01
-6.4672651241e-02
2.0666718350e+02
7.5927706181e-03
1.5765694282e-01
130
-3.9562407237e-02
-1.9094748551e-01
-6.1777618257e-01
3.0648964188e+02
1.9032422128e-01
4.8725936729e-02
131
-7.6122595340e-02
3.3932010573e-01
4.8564292616e-01
7.1421201188e+02
-6.6596144436e-02
-4.8400619118e-01
132
-9.9924404119e-03
3.8712029393e-01
3.3592025831e-01
8.8293971661e+02
-1.9479802631e-02
-5.4325736976e-01
133
6.8314852833e-02
-3.1956809311e-01
-1.8677117102e-01
6.8567063241e+02
4.0902981503e-01
3.7120819894e-01
134
1.4850570592e-02
1.4211357112e-01
6.4675712866e-02
2.0668453944e+02
2.4271073447e-03
-1.5788356126e-01
140
-1.8937335408e-02
-1.9785331080e-01
-6.1707180542e-01
3.1048542749e+02
2.4906082337e-01
5.2649093631e-02
141
-1.1453792617e-01
3.3764082920e-01
4.8322333797e-01
7.1358369117e+02
-2.1320775696e-01
-4.9443677054e-01
142
-6.3530383026e-02
3.9249038118e-01
3.3580377797e-01
8.9895843051e+02
-2.5536649967e-01
-5.6793330448e-01
143
1.0078964564e-04
3.2349139882e-01
1.9007900989e-01
6.5283896165e+02
-1.2513397460e-01
-4.0540297350e-01
144
5.4817853112e-02
-1.4149440390e-01
-6.3083719410e-02
2.1446656081e+02
1.5616259371e-01
1.6877910201e-01
150
9.2580651328e-03
-1.8821761195e-01
-6.1469639165e-01
3.1213937287e+02
2.8775135064e-01
5.5676302983e-02
151
-1.7601205833e-01
3.1053176206e-01
4.7758593991e-01
7.0977346487e+02
-3.1185057978e-01
-5.0183055160e-01
152
-1.6925066084e-01
3.6407055595e-01
3.3079085358e-01
9.1150537581e+02
-4.2132108263e-01
-5.9053065401e-01
153
-1.2668495286e-01
3.0146292227e-01
1.8675107123e-01
6.8532771981e+02
-3.3322828002e-01
-4.4042180282e-01
154
-6.3725379688e-02
1.3765024063e-01
6.3043304783e-02
2.1433812334e+02
-1.4533548438e-01
-1.7810932472e-01
160
9.3472797062e-03
1.8792561916e-01
6.1475123657e-01
3.1151503390e+02
2.8783439521e-01
-5.6336303382e-02
161
-1.7588744320e-01
-3.1021267692e-01
-4.7767483234e-01
7.0899371585e+02
-3.1162202665e-01
5.0278292809e-01
162
-1.6905570533e-01
-3.6385330618e-01
-3.3079222141e-01
9.1097249612e+02
-4.2112433365e-01
5.9075780759e-01
163
-1.2664475089e-01
-3.0117214361e-01
-1.8675544823e-01
6.8498712364e+02
-3.3318327002e-01
4.4074407401e-01
164
-6.3736361814e-02
-1.3759935221e-01
-6.3054456040e-02
2.1425655098e+02
-1.4533896867e-01
1.7823905325e-01
170
-1.8896800614e-02
1.9770135751e-01
6.1711091243e-01
3.1031818048e+02
2.4910233820e-01
-5.3068162766e-02
171
-1.1471988149e-01
-3.3752150599e-01
-4.8328350315e-01
7.1374814727e+02
-2.1332606535e-01
4.9498910369e-01
172
-6.3592041871e-02
-3.9225831164e-01
-3.3586196630e-01
8.9892260595e+02
-2.5535913485e-01
5.6858957756e-01
173
1.1955476072e-04
-3.2328198143e-01
-1.9009155093e-01
6.5292986854e+02
-1.2510323887e-01
4.0570298244e-01
174
5.4814356381e-02
1.4152457870e-01
6.3095161164e-02
2.1450971328e+02
1.5616006653e-01
-1.6882898557e-01
180
-3.9555126653e-02
1.9112166150e-01
6.1776197484e-01
3.0677838361e+02
1.9032445286e-01
-4.8451681945e-02
181
-7.6204706883e-02
-3.3964989087e-01
-4.8561592201e-01
7.1473883391e+02
-6.6693559582e-02
4.8348023906e-01
182
-1.0189569964e-02
-3.8750375133e-01
-3.3594825275e-01
8.8372467538e+02
-1.9658064927e-02
5.4307780496e-01
183
6.8254310243e-02
3.1972314359e-01
1.8675795505e-01
6.8573590745e+02
4.0895675367e-01
-3.7096152030e-01
184
1.4763486100e-02
-1.4218572245e-01
-6.4676910650e-02
2.0667902707e+02
2.3400749401e-03
1.5782013731e-01
190
-6.9157946182e-02
1.8456258501e-01
6.1638592223e-01
3.0389334082e+02
1.4608187124e-01
-4.4746363279e-02
191
-3.3285939091e-03
-3.3496408624e-01
-4.8346636141e-01
7.1176818768e+02
4.1410008103e-02
4.7647468368e-01
192
9.9417780867e-02
-3.7539666641e-01
-3.3096978313e-01
8.7323454043e+02
1.4807087544e-01
5.3031476089e-01
193
-6.1236123338e-02
3.1726720035e-01
1.9003648033e-01
6.5273182836e+02
1.9941020416e-01
-3.7453959843e-01
194
-2.4073370042e-02
1.4066819296e-01
6.4626237313e-02
2.0625944316e+02
7.6772085600e-03
-1.5754047977e-01
200
-3.3178803410e-02
1.8052056412e-01
6.1639250787e-01
3.0246067869e+02
1.2621467985e-01
-4.6551003932e-02
201
-9.7936278512e-02
-3.4886556883e-01
-4.8367469900e-01
7.1655471093e+02
9.2457797608e-02
4.7974921611e-01
202
4.1963646251e-02
3.9870725493e-01
3.3079177640e-01
9.1132934012e+02
5.9041603404e-01
-4.2227696701e-01
203
-2.1846615954e-02
-3.1226200974e-01
-1.8822901143e-01
6.5227810800e+02
-5.1205832606e-02
3.9405153373e-01
204
-8.8495923006e-03
-1.4241329569e-01
-6.3615851556e-02
2.0773234537e+02
-7.5673123139e-02
1.5159097818e-01
210
-6.3393861546e-02
1.7739968623e-01
6.1716584465e-01
3.0186848322e+02
8.3206112262e-02
-5.4613130271e-02
211
-2.6371356163e-02
-3.5502076016e-01
-4.8719649487e-01
7.3326632651e+02
1.9887529856e-01
5.0233255121e-01
212
-6.8854010005e-02
3.9101854769e-01
3.3582848456e-01
8.9888801970e+02
4.2880642516e-01
-4.5271340523e-01
213
1.0891072155e-01
-2.9668425680e-01
-1.8658433287e-01
6.6815397491e+02
1.6394195887e-01
4.1950974170e-01
214
-4.0990736250e-04
1.4274128230e-01
6.3628182924e-02
2.0784329140e+02
8.4988554123e-02
-1.4650875240e-01
220
-7.9751996526e-02
1.7007949516e-01
6.1588032179e-01
3.0005688921e+02
2.4705691792e-02
-6.5556118227e-02
221
2.0854789621e-02
-3.6647081465e-01
-4.8656607810e-01
7.5501957353e+02
3.4369324031e-01
5.3403443325e-01
222
-1.1797848421e-01
3.6940884741e-01
3.3595354642e-01
8.8411008911e+02
1.9775444091e-01
-5.0606593652e-01
223
-3.7035232116e-02
3.1113011864e-01
1.8827661081e-01
6.5267084625e+02
1.2408721109e-01
-3.7754445367e-01
224
6.9719633113e-02
-1.3031152845e-01
-6.2861614633e-02
2.1173771038e+02
7.4359717977e-02
1.8144782095e-01
230
-1.0181828402e-01
1.5314939174e-01
6.1324741333e-01
2.9699178838e+02
-1.4105343154e-02
-7.2912826929e-02
231
8.8922803413e-02
-3.3824144040e-01
-4.8197282510e-01
7.6710795119e+02
4.4134104178e-01
5.5777611216e-01
232
-2.1643118814e-01
3.2296640695e-01
3.3111501684e-01
8.7395654707e+02
3.2278604066e-02
-5.5037912376e-01
233
-1.6238714436e-01
2.7119647397e-01
1.8662590889e-01
6.6821723612e+02
-8.3498167080e-02
-4.4306273125e-01
234
-7.8007264935e-02
1.2551394213e-01
6.2856183761e-02
2.1169219325e+02
-6.3065379724e-02
-1.8588325759e-01
240
-4.2975565430e-03
1.8386058142e-01
6.1322324478e-01
2.9727356223e+02
5.4017245146e-02
-5.1325939648e-02
241
1.4204605310e-02
3.5627615251e-01
4.7762385010e-01
7.0923858684e+02
5.0834496301e-01
-3.0299373416e-01
242
-9.2171815266e-02
-4.0569193621e-01
-3.3627658392e-01
8.4833961355e+02
-1.9283536194e-01
5.1055824137e-01
243
-3.6342636225e-02
-3.2118577426e-01
-1.9033275033e-01
6.5128795824e+02
-2.8674268504e-01
3.4334968343e-01
244
-1.0555894533e-02
-1.4882736465e-01
-6.4222212729e-02
2.0884707759e+02
-1.5091037694e-01
1.2567120594e-01
250
-3.2686088976e-02
1.8507911400e-01
6.1584743666e-01
3.0008791164e+02
1.8082607803e-02
-6.7380813272e-02
251
-5.4771060432e-02
3.5227468196e-01
4.8324788723e-01
7.1401923559e+02
4.1929041057e-01
-3.3884290788e-01
252
1.1355386504e-02
-3.9617800462e-01
-3.4100974538e-01
8.7514717411e+02
-3.5697239305e-02
5.6384329843e-01
253
8.8170585831e-02
-2.8815882941e-01
-1.9040663161e-01
6.4950101519e+02
-7.9202097024e-02
3.9847472361e-01
254
7.6495328148e-04
1.4908791175e-01
6.4210024354e-02
2.0867431726e+02
1.5841430791e-01
-1.1575534479e-01
260
-5.0584082876e-02
1.8177655339e-01
6.1719274653e-01
3.0177044939e+02
-3.5782578114e-02
-9.2455776590e-02
261
-9.0783480011e-02
3.3648170722e-01
4.8560891564e-01
7.1538101427e+02
2.8497819303e-01
-3.9587952585e-01
262
7.0768838112e-02
-4.0482003397e-01
-3.4084205213e-01
9.1738956656e+02
1.8148262958e-01
6.4585425971e-01
263
-2.5240263576e-02
3.2225629621e-01
1.9030725446e-01
6.5156051211e+02
3.4626936716e-01
-2.8274537729e-01
264
6.3353364891e-02
-1.2411669104e-01
-6.4235994125e-02
2.0846915848e+02
-7.0490916193e-03
1.7343193222e-01
270
-7.6941693769e-02
1.6676592158e-01
6.1644236452e-01
3.0219568370e+02
-7.5568426275e-02
-1.1099006425e-01
271
-1.5260738702e-01
2.9853598357e-01
4.8352400338e-01
7.1180023005e+02
1.8519643895e-01
-4.4105944808e-01
272
1.7028081060e-01
-3.5426730451e-01
-3.3554035050e-01
9.4954255892e+02
3.3015497636e-01
7.0906425879e-01
273
-1.4113817519e-01
2.6594056881e-01
1.9034237109e-01
6.4889794100e+02
1.5292528748e-01
-3.7620318224e-01
274
-7.1337382417e-02
1.1951328723e-01
6.4205660508e-02
2.0826898276e+02
1.7919573276e-02
-1.7270554589e-01
280
-5.0149800107e-02
1.9107501105e-01
6.1641616358e-01
3.0372635148e+02
-9.3101873798e-02
-1.2064984775e-01
281
-7.5639707516e-02
3.5507938616e-01
4.8366073458e-01
7.1670786744e+02
1.4108023783e-01
-4.6694398273e-01
282
-4.7089868930e-02
4.1405159085e-01
3.3623867480e-01
8.4912214269e+02
3.5010881315e-01
-4.1744518448e-01
283
8.3398935296e-02
-3.2073653791e-01
-1.9552425206e-01
6.5197351391e+02
-1.9886851034e-02
4.5175100944e-01
284
4.4806093512e-02
-1.3474332845e-01
-6.7089707210e-02
2.0535418398e+02
-7.8113338124e-02
1.4673274212e-01
290
-7.8544120359e-02
1.7933260061e-01
6.1771785788e-01
3.0722752062e+02
-1.2734944629e-01
-1.4884294234e-01
291
-1.4331797544e-01
3.2692995155e-01
4.8718139055e-01
7.3377425498e+02
5.8944848961e-02
-5.3603056668e-01
292
-1.4386840201e-01
3.7004382304e-01
3.4095628834e-01
8.7571886292e+02
2.2129924807e-01
-5.1865798902e-01
293
1.9003784338e-01
-2.5484739894e-01
-1.9085730148e-01
6.9965329124e+02
1.4955466110e-01
5.5843346276e-01
294
-5.3925193678e-02
1.3115052893e-01
6.7067618584e-02
2.0502250980e+02
8.7500485874e-02
-1.4132181285e-01
300
-9.9291457454e-02
1.7266668581e-01
6.1708369843e-01
3.1046358664e+02
-1.7286029300e-01
-1.8678144462e-01
301
-1.9063795048e-01
3.1472945039e-01
4.8647450793e-01
7.5509947711e+02
-5.5385547760e-02
-6.3172458923e-01
302
-2.0270543531e-01
3.5790787669e-01
3.4074059590e-01
9.1615028247e+02
4.3666889762e-02
-6.6879269432e-01
303
-1.4449035358e-01
2.9817258530e-01
1.9544310175e-01
6.5087893275e+02
1.0652800240e-01
-4.3909665085e-01
304
1.1088121590e-01
-9.4253589127e-02
-6.4849306424e-02
2.1609727019e+02
3.3941518860e-02
2.3540211669e-01
310
-1.1620464635e-01
1.4886596144e-01
6.1466438542e-01
3.1214794751e+02
-2.0320147048e-01
-2.1081668152e-01
311
-2.3625903396e-01
2.5907095197e-01
4.8183317732e-01
7.6696918189e+02
-1.3388807327e-01
-6.9748793163e-01
312
-2.7843265385e-01
2.7876806739e-01
3.3548072859e-01
9.4937401665e+02
-7.9557024296e-02
-7.7759636201e-01
313
-2.3498122126e-01
2.1394416331e-01
1.9076773395e-01
6.9857564512e+02
-4.1378843312e-02
-5.7642162648e-01
314
-1.1648579772e-01
8.6728419556e-02
6.4795575637e-02
2.1553537495e+02
-1.8575131732e-02
-2.3696259007e-01
