-6.3508428457e-01
-3.9279846525e-02
-1.7843041847e+00
4.0222782750e+03
-7.9307983135e-01
9.1280926530e-01
0
-8.7006931600e-01
2.1015095085e-03
-1.1317217892e+00
6.7656809639e+03
3.3980092590e-01
1.3364662075e+00
0
-5.6934308320e-01
7.0630788823e-02
-4.9351621466e-01
3.1101711734e+03
4.4504430156e-01
7.6116834914e-01
0
-6.1759230760e-01
-3.6546682408e-01
-1.8786635637e+00
3.2911444423e+03
-6.8474158903e-01
3.1535332004e-01
0
-6.8470075204e-01
-7.5431756171e-01
-1.1463623669e+00
4.3164105223e+03
3.8905394462e-01
-2.5967975982e-01
0
5.3683242110e-01
2.0800486267e-01
4.9387473281e-01
3.1184403809e+03
-3.0012389194e-02
-8.8124712036e-01
0
-5.3502916235e-01
-4.7722259930e-01
-1.8786541854e+00
3.2920739252e+03
9.3414866499e-02
-7.4754385996e-01
0
3.7237680237e-01
7.8956748807e-01
1.1316752347e+00
6.7746928182e+03
1.0658737807e+00
-8.7267384866e-01
0
-2.1810636389e-01
-5.4441507846e-01
-4.3793868516e-01
2.4022911260e+03
6.6460319064e-01
-1.0169651921e-01
0
-1.7352123428e-01
-6.1285004616e-01
-1.7841129151e+00
4.0265338156e+03
7.2327038454e-01
-9.6940168417e-01
0
-4.0585421852e-01
9.3391872090e-01
1.1463952015e+00
4.3176223475e+03
-3.9728970100e-01
-2.4835704410e-01
0
-3.3893109521e-02
5.8613732818e-01
4.3800293861e-01
2.4063146532e+03
-6.4559486521e-01
-1.8936800101e-01
0
-1.7337325635e-01
6.1206681536e-01
1.7841208373e+00
4.0243514464e+03
7.2342670451e-01
9.6860163651e-01
0
-4.0542751371e-01
-9.3377109741e-01
-1.1463609009e+00
4.3164439506e+03
-3.9685519915e-01
2.4840138931e-01
0
-3.3606973229e-02
-5.8534339084e-01
-4.3778215452e-01
2.4022523133e+03
-6.4516865588e-01
1.8936023223e-01
0
-5.3471876225e-01
4.7746746021e-01
1.8786198299e+00
3.2896700310e+03
9.3661916817e-02
7.4787086956e-01
0
3.7180512251e-01
-7.8974836355e-01
-1.1316272638e+00
6.7720294092e+03
1.0653237896e+00
8.7238139114e-01
0
-2.1814415682e-01
5.4480777807e-01
4.3808102611e-01
2.4045328398e+03
6.6492938901e-01
1.0178508548e-01
0
-6.1768649452e-01
3.6588130633e-01
1.8786191208e+00
3.2924389441e+03
-6.8499213681e-01
-3.1488995178e-01
0
-6.8462394975e-01
7.5419064025e-01
1.1463070744e+00
4.3174619256e+03
3.8894650755e-01
2.5955057595e-01
0
5.3700682594e-01
-2.0840457721e-01
-4.9383344743e-01
3.1194471709e+03
-2.9765808194e-02
8.8078136762e-01
0
-6.3574353365e-01
3.9984365314e-02
1.7842554752e+00
4.0252597634e+03
-7.9389736842e-01
-9.1206880848e-01
0
-8.7130132177e-01
-1.9866692038e-03
1.1317141426e+00
6.7692656899e+03
3.3854114800e-01
-1.3363561856e+00
0
-5.7022353762e-01
-7.0722159286e-02
4.9362152893e-01
3.1142061886e+03
4.4447853399e-01
-7.6121392722e-01

