-6.7401505444e-01 -9.0812967011e-01 -5.8318913278e-01 
-7.0297129434e-01 -8.0336284424e-01 5.8881516894e-01 
-6.0296022282e-01 4.1029358224e-01 -2.6675494181e-01 
-2.2308421133e-01 -4.2352390289e-01 -3.0668279181e-02 
-2.2248531198e-01 -4.2320762374e-01 -3.0743769999e-02 
-6.0304315842e-01 4.0976716195e-01 -2.6620588972e-01 
-7.0310675086e-01 -8.0336947052e-01 5.8893654952e-01 
-6.7433397278e-01 -9.0893694350e-01 -5.8351831996e-01 


-1.9512675779e-02 9.0216424514e-02 1.7167523147e-01 
-3.4112593565e-01 -7.3820389783e-01 1.5793036497e-01 
-4.9533342406e-01 8.1885885457e-01 -5.8225941695e-01 
-6.3814681642e-01 1.0045922823e+00 6.3985470072e-01 
6.3742413189e-01 -1.0052224540e+00 -6.3937519633e-01 
4.9522966489e-01 -8.1926983174e-01 5.8238390601e-01 
3.4106068569e-01 7.3806673015e-01 -1.5786987574e-01 
1.8853793548e-02 -9.1182789992e-02 -1.7169890677e-01 


-1.8787434693e+00 -1.2061497197e+00 -5.4903740504e-01 
-2.0021554478e+00 -1.2261174648e+00 5.4948142686e-01 
-2.0020671060e+00 1.2062770578e+00 -4.7617418845e-01 
-1.8784249804e+00 1.2260233476e+00 4.7602728223e-01 
1.8784712824e+00 -1.2259683832e+00 -4.7587385043e-01 
2.0021188630e+00 -1.2062641430e+00 4.7602135653e-01 
2.0021800341e+00 1.2261270923e+00 -5.4932399717e-01 
1.8786880043e+00 1.2061791499e+00 5.4906708822e-01 


1.2770585534e+02 2.2132887240e+02 1.0087284725e+02 
9.7361936088e+01 1.2559408224e+02 1.0096072254e+02 
9.7318977270e+01 2.2165017529e+02 7.1362284112e+01 
1.2796186551e+02 1.2558571496e+02 7.1440585936e+01 
1.2786916281e+02 1.2561787840e+02 7.1414966638e+01 
9.7315676369e+01 2.2151070557e+02 7.1420421669e+01 
9.7342495323e+01 1.2560246776e+02 1.0088856908e+02 
1.2774573153e+02 2.2117375994e+02 1.0084251088e+02 


-8.2541121268e-01 4.8308081312e-01 5.9006838663e-01 
-7.5994018791e-01 3.3633942953e-01 -9.5498457704e-02 
5.0494955865e-02 1.1405201873e+00 7.1247372984e-01 
7.1208603174e-01 -4.1377969756e-01 -7.1170902584e-01 
7.1273085868e-01 -4.1345051179e-01 -7.1168723312e-01 
5.0505682238e-02 1.1399990001e+00 7.1262757974e-01 
-7.5999004524e-01 3.3636318103e-01 -9.5124478963e-02 
-8.2590419424e-01 4.8237422495e-01 5.8981982759e-01 


1.0103071777e+00 1.4029386432e+00 7.7953115639e-01 
4.0461968167e-01 -3.1870974293e-01 -9.7350012011e-01 
-8.5907692845e-01 -9.4928889584e-01 -1.6958934666e-01 
-1.0951666219e+00 -2.0955636453e-01 -1.7525290615e-01 
1.0943560954e+00 2.0877105074e-01 1.7519335321e-01 
8.5886039886e-01 9.4885077029e-01 1.6999708091e-01 
-4.0470435453e-01 3.1857649029e-01 9.7333749186e-01 
-1.0109370891e+00 -1.4038749775e+00 -7.7953101226e-01 


