00
-2.6766175886e-02
-8.7765325535e-02
-2.9604869814e-01
6.9004596742e+01
-4.8834110983e-02
2.2420195180e-02
01
-4.6707762883e-02
-1.4713231700e-01
-2.1193978835e-01
1.4381294992e+02
-3.2172223222e-02
1.9068534780e-01
02
-4.3538821421e-02
-1.3722343921e-01
-1.2194800953e-01
1.3521259405e+02
-2.0862854468e-02
1.8151550234e-01
03
-2.2989941015e-02
-6.7088796212e-02
-4.1709858348e-02
4.7892728168e+01
-1.0452836367e-02
8.0739044203e-02
10
-1.8148601661e-02
-9.0725074067e-02
-2.9632721019e-01
6.8868691294e+01
-3.4933297482e-02
1.8429727052e-02
11
-2.6438565592e-02
-1.5327628369e-01
-2.1232743047e-01
1.4305781044e+02
1.6035585678e-03
1.8048116337e-01
12
-1.5475339143e-02
-1.4474655315e-01
-1.2222305288e-01
1.3349694709e+02
2.9334302851e-02
1.6614563446e-01
13
2.0047165767e-02
6.7985164028e-02
4.1701899021e-02
4.7858261895e+01
1.3695260284e-02
-8.0191146424e-02
20
-1.4692272765e-02
-9.0471042690e-02
-2.9637651587e-01
6.8627241874e+01
-1.5784125622e-02
1.3745055757e-02
21
-2.0854172488e-02
-1.5281866920e-01
-2.1227666031e-01
1.4218156187e+02
4.8149079483e-02
1.6881469020e-01
22
2.6473943330e-02
1.4143673058e-01
1.2196776194e-01
1.3522297563e+02
4.2723543584e-02
-1.7780870179e-01
23
-6.5524162139e-03
-7.0311446433e-02
-4.1768303040e-02
4.7531335217e+01
2.3644548976e-02
7.1037249617e-02
30
-5.6263153939e-03
-9.1541510583e-02
-2.9610359412e-01
6.8610278050e+01
-1.5995151570e-03
1.0264893398e-02
31
-8.6005317030e-05
-1.5564075257e-01
-2.1170635688e-01
1.4201535969e+02
8.2306608123e-02
1.6118691851e-01
32
-2.3134955202e-03
1.4555252898e-01
1.2222846725e-01
1.3357833066e+02
-8.8891009560e-03
-1.6851535136e-01
33
3.5153582215e-03
7.0532226640e-02
4.1749177062e-02
4.7530083248e+01
-2.0736039781e-02
-7.1841480781e-02
40
-2.1253033879e-02
-8.9140945327e-02
-2.9612068248e-01
6.8548434532e+01
4.6144099372e-03
9.5109181690e-03
41
1.4792496830e-02
1.5351488370e-01
2.1193443791e-01
1.4381014460e+02
7.1645949317e-02
-1.7977020183e-01
42
-2.6473524503e-02
-1.4098300773e-01
-1.2171374899e-01
1.3381094671e+02
2.4784828078e-02
1.6524975799e-01
43
-1.1389961972e-02
-6.9578127049e-02
-4.1523844060e-02
4.7646822984e+01
-2.7241130217e-03
7.4546276699e-02
50
-1.2301460146e-02
-9.1018854018e-02
-2.9631117963e-01
6.8825542619e+01
1.9139276006e-02
7.9476627436e-03
51
-6.4367119441e-03
1.5541350166e-01
2.1228776539e-01
1.4315524555e+02
3.6492982270e-02
-1.7652377932e-01
52
2.5718737382e-03
-1.4430144905e-01
-1.2157695075e-01
1.3442003853e+02
7.7310149084e-02
1.5968943300e-01
53
8.3329267247e-03
7.0003964616e-02
4.1516305252e-02
4.7638960142e+01
5.6602664375e-03
-7.4311031747e-02
60
-9.0233431735e-03
-9.2076181492e-02
-2.9630224874e-01
6.8914341490e+01
3.8896351467e-02
7.2724293182e-03
61
-1.1739509209e-02
1.5379791432e-01
2.1220977726e-01
1.4229802778e+02
-1.1438304060e-02
-1.7475578424e-01
62
9.0578551578e-03
1.4308023678e-01
1.2167003140e-01
1.3368363545e+02
-4.6449562783e-03
-1.6684956723e-01
63
5.2783107108e-03
-7.0931982519e-02
-4.1490111547e-02
4.7690594293e+01
3.2866502389e-02
7.2599327156e-02
70
7.0991244286e-05
-9.1744725862e-02
-2.9602776090e-01
6.8977936286e+01
5.3320477557e-02
7.0860201526e-03
71
-3.2538022514e-02
1.5213829309e-01
2.1167053232e-01
1.4180869784e+02
-4.6524532369e-02
-1.7471568105e-01
72
-2.0018471589e-02
1.4287641947e-01
1.2157056647e-01
1.3423207715e+02
-5.7339079019e-02
-1.6789653704e-01
73
-8.3491499336e-03
7.0644868242e-02
4.1484897947e-02
4.7672311200e+01
-2.9960379920e-02
-7.3876166103e-02
80
1.9505975965e-04
9.1579172474e-02
2.9607908882e-01
6.8833066235e+01
5.3455055643e-02
-7.5535395909e-03
81
-3.2599872501e-02
-1.5197775093e-01
-2.1174545380e-01
1.4173988042e+02
-4.6569801849e-02
1.7532202920e-01
82
-2.0101553095e-02
-1.4281840282e-01
-1.2163582573e-01
1.3429838321e+02
-5.7408769579e-02
1.6834438933e-01
83
-8.3961668290e-03
-7.0660468963e-02
-4.1521478917e-02
4.7748963344e+01
-3.0005975344e-02
7.4078512659e-02
90
-8.9977839168e-03
9.1986066245e-02
2.9631958169e-01
6.8841610645e+01
3.8927245416e-02
-7.4649216111e-03
91
-1.1758392373e-02
-1.5374925033e-01
-2.1222060536e-01
1.4222860387e+02
-1.1455885599e-02
1.7486892004e-01
92
9.0267437823e-03
-1.4304707184e-01
-1.2167850925e-01
1.3364558924e+02
-4.6752064972e-03
1.6693332902e-01
93
5.3080577377e-03
7.0915206450e-02
4.1496664114e-02
4.7700007415e+01
3.2898555451e-02
-7.2654939203e-02
100
-1.2322591215e-02
9.1004251836e-02
2.9633273270e-01
6.8804492005e+01
1.9131507300e-02
-8.0899232415e-03
101
-6.3433109863e-03
-1.5551144748e-01
-2.1233758879e-01
1.4320447837e+02
3.6576973582e-02
1.7672036443e-01
102
2.5652795961e-03
1.4446284444e-01
1.2162734357e-01
1.3457668484e+02
7.7345133228e-02
-1.5982433045e-01
103
8.3677919678e-03
-7.0133859533e-02
-4.1543877957e-02
4.7716200200e+01
5.6847492499e-03
7.4345390223e-02
110
-2.1215085123e-02
8.9155932993e-02
2.9609703737e-01
6.8591353848e+01
4.6352837868e-03
-9.3561767208e-03
111
1.4671387916e-02
-1.5351567270e-01
-2.1189795709e-01
1.4380671732e+02
7.1535433438e-02
1.7955492488e-01
112
-2.6401098749e-02
1.4089681380e-01
1.2166917010e-01
1.3371275972e+02
2.4815810972e-02
-1.6507360099e-01
113
-1.1342964913e-02
6.9500931722e-02
4.1494629986e-02
4.7560742528e+01
-2.6995403474e-03
-7.4450300449e-02
120
-5.6069103708e-03
9.1557252573e-02
2.9609415092e-01
6.8604041430e+01
-1.5908352742e-03
-1.0193814851e-02
121
-2.5565283863e-06
1.5561113838e-01
2.1169177575e-01
1.4197677585e+02
8.2370361309e-02
-1.6113223077e-01
122
-2.3787659579e-03
-1.4554862801e-01
-1.2222141977e-01
1.3355317955e+02
-8.9492977134e-03
1.6847787981e-01
123
3.4542959236e-03
-7.0523567205e-02
-4.1745019755e-02
4.7520142630e+01
-2.0793395369e-02
7.1825661112e-02
130
-1.4659018908e-02
9.0497899611e-02
2.9635036514e-01
6.8667437187e+01
-1.5783317509e-02
-1.3565296100e-02
131
-2.0808605624e-02
1.5276489671e-01
2.1223220601e-01
1.4219806880e+02
4.8129828169e-02
-1.6861165469e-01
132
2.6328606649e-02
-1.4129579103e-01
-1.2191302741e-01
1.3503265730e+02
4.2622952096e-02
1.7763056108e-01
133
-6.5312624961e-03
7.0178955527e-02
4.1727505630e-02
4.7432402705e+01
2.3613571320e-02
-7.0932475063e-02
140
-1.8167029429e-02
9.0900688056e-02
2.9630521966e-01
6.8967285285e+01
-3.4985577222e-02
-1.8127540713e-02
141
-2.6436647468e-02
1.5352931724e-01
2.1232311151e-01
1.4316683360e+02
1.5978578663e-03
-1.8020346457e-01
142
-1.5472983691e-02
1.4499282071e-01
1.2224270635e-01
1.3360661791e+02
2.9370879821e-02
-1.6601127649e-01
143
2.0100807514e-02
-6.8129498658e-02
-4.1725507091e-02
4.7927939603e+01
1.3718635227e-02
8.0182448011e-02
150
-2.6817727516e-02
8.7800521670e-02
2.9603940912e-01
6.8958857914e+01
-4.8900810090e-02
-2.2331968537e-02
151
-4.6758392767e-02
1.4717038823e-01
2.1191958669e-01
1.4371649246e+02
-3.2260393610e-02
-1.9053268559e-01
152
-4.3568571006e-02
1.3724372617e-01
1.2193769596e-01
1.3513089536e+02
-2.0911573167e-02
-1.8143679718e-01
153
-2.2991551301e-02
6.7073355695e-02
4.1701588424e-02
4.7848538341e+01
-1.0468243633e-02
-8.0707558349e-02
