00
-2.8053936649e-01
-1.7486954311e-01
-1.0198148387e+00
9.1574852950e+02
-4.1005127391e-01
4.1779121391e-01
01
-4.8365472963e-01
-2.6338249845e-01
-7.3029332538e-01
1.9515776056e+03
-9.5854750225e-02
1.0612459577e+00
02
-4.6354128019e-01
-2.3934088187e-01
-4.3316462311e-01
1.8347867144e+03
6.0764455176e-02
9.7508449421e-01
03
-2.4757596429e-01
-9.9671568485e-02
-1.5532883287e-01
6.4892131228e+02
4.2278639444e-02
4.5504645070e-01
10
-2.4623749176e-01
-2.6589661537e-01
-1.0328675557e+00
8.9260226864e+02
-3.3057793678e-01
3.0286994254e-01
11
-3.7213640685e-01
-4.6796329877e-01
-7.4877968826e-01
1.8082349786e+03
1.0446399697e-01
7.4235305344e-01
12
-2.8829386358e-01
-4.9042744161e-01
-4.4460082364e-01
1.5555214466e+03
3.2506873964e-01
4.9297842863e-01
13
2.2929483191e-01
1.3710381600e-01
1.5544444942e-01
6.4957364625e+02
2.8380752577e-02
-4.5618282423e-01
20
-1.8331088421e-01
-2.7925206417e-01
-1.0341297564e+00
8.6186332386e+02
-1.7929938773e-01
1.1904236779e-01
21
-2.6978476500e-01
-4.8714380695e-01
-7.4495239632e-01
1.6816324193e+03
4.5803981580e-01
3.0646773777e-01
22
3.2009758789e-01
4.1255373752e-01
4.3330590758e-01
1.8361134917e+03
3.5366975865e-01
-9.1038348915e-01
23
-1.0145176717e-01
-2.3631379849e-01
-1.5645285295e-01
5.8641630393e+02
2.4349982568e-01
1.4011642448e-01
30
-8.7503339545e-02
-3.1573134326e-01
-1.0240311740e+00
8.3937445740e+02
-6.2538205247e-02
5.9781929679e-03
31
-7.0245722386e-02
-5.8115713350e-01
-7.2257950079e-01
1.6377021378e+03
7.2340618488e-01
7.1997744953e-02
32
4.8488471845e-02
5.6617677211e-01
4.4448971989e-01
1.5541138617e+03
-8.2064188972e-02
-5.8491930640e-01
33
6.2984577100e-02
2.4885289272e-01
1.5634993902e-01
5.8541649290e+02
-2.1882185468e-01
-1.7623935453e-01
40
-2.2353323224e-01
-2.3927683126e-01
-1.0240109580e+00
8.3943926640e+02
3.8250214250e-02
-5.0787005153e-02
41
1.8391266497e-01
5.1851918749e-01
7.3045378378e-01
1.9525204409e+03
7.7853248320e-01
-7.2774626190e-01
42
-2.9970675571e-01
-4.1606509674e-01
-4.2291552601e-01
1.5802711774e+03
2.6621104913e-01
4.4880222173e-01
43
-1.3458482746e-01
-2.1958630358e-01
-1.4689184842e-01
6.0161291634e+02
-2.1353116208e-02
2.7875100438e-01
50
-1.4553748857e-01
-2.9965981702e-01
-1.0341094465e+00
8.6161431460e+02
1.9467368889e-01
-9.2678597306e-02
51
-4.7061353250e-02
5.9529558978e-01
7.4877626409e-01
1.8094634984e+03
4.2773824560e-01
-6.1571196274e-01
52
4.7730236964e-03
-5.3950404240e-01
-4.1837219736e-01
1.6786643998e+03
8.2094259739e-01
2.4812489133e-01
53
1.0047500590e-01
2.3709251885e-01
1.4696482937e-01
6.0165141820e+02
6.1313057364e-02
-2.7285229388e-01
60
-1.0241875297e-01
-3.4712993404e-01
-1.0328461567e+00
8.9301456052e+02
4.2921501040e-01
-1.2825221967e-01
61
-1.3151942227e-01
5.4013987767e-01
7.4494734050e-01
1.6810356135e+03
-1.2854143570e-01
-5.3665148299e-01
62
1.0269784484e-01
5.0162744378e-01
4.2282412538e-01
1.5776514409e+03
-5.8431264611e-02
-5.1879272521e-01
63
5.9318550971e-02
-2.7652019012e-01
-1.4638119108e-01
6.2477226192e+02
3.7224156909e-01
2.0445325286e-01
70
-2.4622838073e-03
-3.3014007481e-01
-1.0198084428e+00
9.1588716132e+02
5.7028993756e-01
-1.3024367308e-01
71
-3.3163942044e-01
4.8298016315e-01
7.2263482114e-01
1.6389602820e+03
-4.9498037927e-01
-5.3211214513e-01
72
-2.2407895838e-01
4.9138445572e-01
4.1844472966e-01
1.6793310164e+03
-6.4981549579e-01
-5.6031319555e-01
73
-9.9302893938e-02
2.6459399967e-01
1.4632889032e-01
6.2491110487e+02
-3.3873103451e-01
-2.5659062757e-01
80
-2.3781536705e-03
3.2993021910e-01
1.0198700465e+00
9.1569453063e+02
5.7041142573e-01
1.2974506263e-01
81
-3.3149686527e-01
-4.8282478910e-01
-7.2258320650e-01
1.6386256907e+03
-4.9486923513e-01
5.3198759138e-01
82
-2.2403552955e-01
-4.9139036486e-01
-4.1842771925e-01
1.6799399883e+03
-6.4978304319e-01
5.6021056851e-01
83
-9.9403851323e-02
-2.6481275545e-01
-1.4638817022e-01
6.2554763396e+02
-3.3882517686e-01
2.5669788080e-01
90
-1.0224767502e-01
3.4643184972e-01
1.0329047952e+00
8.9209350388e+02
4.2943929180e-01
1.2726529450e-01
91
-1.3158876345e-01
-5.4005063184e-01
-7.4490161265e-01
1.6812043708e+03
-1.2862853642e-01
5.3649130687e-01
92
1.0249693489e-01
-5.0141042022e-01
-4.2281423196e-01
1.5776933443e+03
-5.8635460173e-02
5.1895416172e-01
93
5.9326068013e-02
2.7612962950e-01
1.4634970390e-01
6.2445646253e+02
3.7221227183e-01
-2.0468182608e-01
100
-1.4548096177e-01
2.9959392757e-01
1.0341276659e+00
8.6123919542e+02
1.9476533841e-01
9.2519474666e-02
101
-4.7023666502e-02
-5.9570416033e-01
-7.4878503893e-01
1.8094566821e+03
4.2777145981e-01
6.1534711423e-01
102
5.4318102477e-03
5.4021370315e-01
4.1849120329e-01
1.6809419132e+03
8.2189992631e-01
-2.4796755345e-01
103
1.0044349575e-01
-2.3726543004e-01
-1.4693379773e-01
6.0196533885e+02
6.1319122497e-02
2.7250881416e-01
110
-2.2365832874e-01
2.3933734676e-01
1.0239656626e+00
8.3940381312e+02
3.8025874794e-02
5.1073922199e-02
111
1.8370774958e-01
-5.1898210818e-01
-7.3035435825e-01
1.9527585283e+03
7.7840279351e-01
7.2681948088e-01
112
-2.9940469615e-01
4.1588627818e-01
4.2287156105e-01
1.5791857623e+03
2.6638704349e-01
-4.4877465962e-01
113
-1.3457527534e-01
2.1973068248e-01
1.4694573221e-01
6.0195960142e+02
-2.1208794630e-02
-2.7888395260e-01
120
-8.7459772586e-02
3.1574806006e-01
1.0240372940e+00
8.3960586055e+02
-6.2473512113e-02
-5.9886826831e-03
121
-7.0284703116e-02
5.8157319544e-01
7.2265646569e-01
1.6384993969e+03
7.2365840581e-01
-7.1864658998e-02
122
4.8630447203e-02
-5.6673922569e-01
-4.4459660019e-01
1.5561393911e+03
-8.2133721839e-02
5.8484862454e-01
123
6.2982233493e-02
-2.4908875343e-01
-1.5639068896e-01
5.8552391779e+02
-2.1893443011e-01
1.7619715174e-01
130
-1.8322020001e-01
2.7904679216e-01
1.0341788395e+00
8.6144194480e+02
-1.7902166862e-01
-1.1945717499e-01
131
-2.6983630443e-01
4.8744319328e-01
7.4493097691e-01
1.6820421740e+03
4.5789819169e-01
-3.0609241293e-01
132
3.1939016286e-01
-4.1262956013e-01
-4.3324122016e-01
1.8345334230e+03
3.5309748996e-01
9.1003342728e-01
133
-1.0150225504e-01
2.3607881628e-01
1.5642416693e-01
5.8590056564e+02
2.4334065937e-01
-1.4023872237e-01
140
-2.4628599431e-01
2.6598119166e-01
1.0328584008e+00
8.9266445356e+02
-3.3066611694e-01
-3.0275435612e-01
141
-3.7222658878e-01
4.6828859058e-01
7.4872582456e-01
1.8089634671e+03
1.0410581458e-01
-7.4187551847e-01
142
-2.8794719916e-01
4.9028559840e-01
4.4447489290e-01
1.5544416743e+03
3.2481741856e-01
-4.9278153644e-01
143
2.2925870046e-01
-1.3734760617e-01
-1.5539017473e-01
6.4883139028e+02
2.8516785828e-02
4.5574886929e-01
150
-2.8041089378e-01
1.7474077035e-01
1.0198576598e+00
9.1476507026e+02
-4.0974000028e-01
-4.1805272861e-01
151
-4.8346390468e-01
2.6328561084e-01
7.3032779765e-01
1.9509999852e+03
-9.5491533162e-02
-1.0614318738e+00
152
-4.6318129378e-01
2.3943151727e-01
4.3318109292e-01
1.8336887596e+03
6.1204989902e-02
-9.7503414649e-01
153
-2.4756680586e-01
9.9806226804e-02
1.5535557367e-01
6.4855813480e+02
4.2400937481e-02
-4.5498347345e-01
