00
-4.7104426523e-01
-4.2931549469e-02
-1.4761481784e+00
2.9418554947e+03
-3.1770666014e-01
1.2667826432e+00
01
-8.1922737030e-01
1.1694664244e-01
-1.1345148368e+00
8.5076310536e+03
8.4119767076e-01
2.4780341574e+00
02
-8.5388183085e-01
3.2916811413e-01
-8.2947062504e-01
1.0979498921e+04
1.6274472238e+00
2.4074579557e+00
03
-6.1389586388e-01
4.2533823521e-01
-5.2538877420e-01
7.7305484423e+03
1.5479250442e+00
1.5977594951e+00
04
-2.2816513186e-01
2.7407361002e-01
-1.9644776237e-01
2.1490488172e+03
6.7944280551e-01
6.3405134283e-01
10
-5.9681929047e-01
-1.8040106143e-02
-1.5380420851e+00
2.5907656146e+03
-2.1717316662e-01
1.3242197866e+00
11
-1.0545090159e+00
4.9513457108e-02
-1.2402015571e+00
6.5899489249e+03
1.0358028985e+00
2.2755451449e+00
12
-1.1270289708e+00
4.3135783738e-02
-9.2671055786e-01
7.2664004623e+03
1.5901194169e+00
1.8858778361e+00
13
-8.5433479575e-01
4.6960613645e-02
-5.7724969658e-01
4.0957181178e+03
1.1408739133e+00
1.0295205143e+00
14
2.7711835747e-01
-2.2484226953e-01
1.9669101209e-01
2.1530156487e+03
-5.4359941902e-01
-7.5534324966e-01
20
-5.4314125405e-01
-1.9943220006e-01
-1.5477653903e+00
2.2300459259e+03
-2.9627711942e-01
1.0105373317e+00
21
-9.1233781058e-01
-3.3891303821e-01
-1.2478499727e+00
5.0190533837e+03
8.1984471122e-01
1.4791284023e+00
22
-9.3415488898e-01
-3.6626537912e-01
-9.1533785296e-01
4.9867723444e+03
1.1695391400e+00
7.5508977486e-01
23
7.4579980996e-01
-6.2408319671e-02
5.2557958270e-01
7.7317592558e+03
-5.3696832452e-01
-2.1613923954e+00
24
-3.2329424683e-01
-7.0520168083e-02
-2.1384091654e-01
1.2805788497e+03
3.9155742421e-01
1.6649272840e-01
30
-4.5230327525e-01
-3.6257840289e-01
-1.5227367802e+00
2.0945699187e+03
-3.6439101860e-01
7.4262957852e-01
31
-7.1289534291e-01
-6.8159877014e-01
-1.1914111898e+00
4.4433809948e+03
6.5851333589e-01
9.6070830099e-01
32
-7.3933763277e-01
-7.8185371059e-01
-8.4127492626e-01
4.3814469949e+03
1.0047050304e+00
8.5493972558e-02
33
7.4365429367e-01
4.2682028119e-01
5.7719632662e-01
4.0957037820e+03
-3.9189537654e-01
-1.4852280434e+00
34
3.0097878569e-01
1.3796121098e-01
2.1382665757e-01
1.2804378346e+03
-3.4722720196e-01
-2.4532706138e-01
40
-3.8719233822e-01
-2.2117417633e-01
-1.5239968796e+00
1.9854922717e+03
-3.1318163320e-01
5.4788792424e-01
41
-6.7617594238e-01
-3.2469745912e-01
-1.1883939473e+00
4.0757445223e+03
7.6257032834e-01
4.7992915227e-01
42
8.2569161030e-01
4.0542839969e-01
8.2926392011e-01
1.1006463406e+04
6.8344689204e-01
-2.8275161425e+00
43
-6.4154381321e-01
-1.7747764013e-01
-4.9514670716e-01
3.6974055609e+03
7.7809673111e-01
5.4971435729e-01
44
-3.3396304741e-01
-6.1555838389e-02
-1.7271223959e-01
1.3870834688e+03
2.5362593468e-01
4.8004834320e-01
50
-3.4786205096e-01
-3.7268616788e-01
-1.5361919134e+00
1.9650279052e+03
-2.0561217044e-01
3.5000612065e-01
51
-6.1744213584e-01
-6.6359398007e-01
-1.2195695897e+00
4.1597885222e+03
1.0288463100e+00
-1.6245651381e-02
52
7.1639942732e-01
8.7702777964e-01
9.2640884554e-01
7.2669971788e+03
5.5900704770e-01
-2.4012233334e+00
53
-4.0868604633e-01
-7.5029090417e-01
-4.9345396373e-01
3.9479691646e+03
1.1965848129e+00
-4.2936682942e-01
54
3.1846123776e-01
1.1851759538e-01
1.7275146040e-01
1.3871227015e+03
-1.6749278696e-01
-5.1615437126e-01
60
-2.4896937703e-01
-4.3045366902e-01
-1.5155618594e+00
1.8960622862e+03
-3.9667031606e-02
4.6265682525e-02
61
-5.0597440570e-01
-8.6910249637e-01
-1.1838446918e+00
4.2537697747e+03
1.4560724292e+00
-6.3728056030e-01
62
2.7810537438e-01
9.6437781975e-01
9.1528642670e-01
4.9866650974e+03
-1.1505347750e-01
-1.3866247624e+00
63
4.7875876532e-01
4.6100668281e-01
4.9517544260e-01
3.6965135533e+03
-4.2494275157e-01
-8.5355026371e-01
64
-1.2170617766e-01
-4.2121639107e-01
-1.7342325455e-01
1.4526759783e+03
6.6687833670e-01
-1.5882504623e-01
70
-1.3766636115e-01
-3.9511906950e-01
-1.4777413126e+00
1.8318457576e+03
-1.6113984702e-02
-5.5757763979e-02
71
-2.4016778851e-01
-8.4259259022e-01
-1.0976807307e+00
4.2878127217e+03
1.5454403984e+00
-7.3567307142e-01
72
-9.1104632594e-02
1.0702382414e+00
8.4116784979e-01
4.3803894891e+03
-6.0667952782e-01
-8.0753769303e-01
73
4.5827430682e-03
8.5242827210e-01
4.9334752138e-01
3.9466742192e+03
-1.2568328684e+00
-1.9000847126e-01
74
4.7222921464e-02
4.3557410908e-01
1.7330048749e-01
1.4505732197e+03
-6.8378686587e-01
4.1638195872e-02
80
-3.8077934671e-01
-1.7412025779e-01
-1.4777398992e+00
1.8313212342e+03
-5.4186252627e-02
-2.1566529693e-02
81
4.5548577843e-01
6.9493582107e-01
1.1342573897e+00
8.5104605308e+03
1.8940274378e+00
-1.8067939776e+00
82
-8.8579594520e-01
-3.0160216160e-01
-7.6358244626e-01
4.9057796081e+03
2.2929519630e-01
1.1053775500e+00
83
-7.7157691126e-01
-3.0149368524e-01
-4.3464402064e-01
4.4560813781e+03
-2.4657315745e-01
1.3534013316e+00
84
-4.1372234363e-01
-1.5167023419e-01
-1.4873308571e-01
1.5529202149e+03
-1.9749235144e-01
6.5742174904e-01
90
-4.1579716699e-01
-2.7323130431e-01
-1.5154506477e+00
1.8973568618e+03
4.8212590263e-02
-3.8465794594e-02
91
3.9137206993e-01
9.8482266212e-01
1.2398982327e+00
6.5898916150e+03
1.8186125312e+00
-1.7137114178e+00
92
-6.9460023809e-01
-7.1339420718e-01
-8.3770916598e-01
5.1533055155e+03
8.9018808783e-01
6.3769971345e-01
93
-3.0051814280e-01
-7.5687938553e-01
-4.6336378649e-01
3.7777798264e+03
5.8161116766e-01
6.1244432132e-01
94
3.8649634815e-01
2.1188692135e-01
1.4877057790e-01
1.5523056877e+03
2.9244498800e-01
-6.2051597334e-01
100
-3.5898927334e-01
-3.5889450789e-01
-1.5362676922e+00
1.9637440227e+03
3.5857923824e-01
-1.9131397248e-01
101
-3.4658028273e-02
9.7316809169e-01
1.2478356612e+00
5.0199037624e+03
1.1396792860e+00
-1.2463742076e+00
102
-4.7315861096e-01
-1.0148704790e+00
-8.3646451740e-01
5.9026504788e+03
2.0272795636e+00
-7.8087947665e-02
103
5.7158200142e-01
5.9798602826e-01
4.3486842225e-01
4.4586260202e+03
7.9199074132e-01
-1.1254423169e+00
104
-3.4317141099e-02
-3.8662310097e-01
-1.6336723060e-01
1.3652883987e+03
4.5262745577e-01
1.9915114696e-01
110
-2.0265398694e-01
-3.9511925135e-01
-1.5240010910e+00
1.9867191373e+03
5.6211462403e-01
-2.8518831193e-01
111
-3.7108704697e-01
9.1268365420e-01
1.1913755079e+00
4.4434870745e+03
6.4656101816e-01
-9.6925154628e-01
112
4.5920753645e-02
-1.0488363391e+00
-7.4785660445e-01
6.8587689428e+03
2.5453897955e+00
-2.7562030039e-01
113
-7.0715963322e-02
8.1109326445e-01
4.6335002252e-01
3.7791932655e+03
-2.4778382048e-01
-8.0802988927e-01
114
-2.9584534734e-02
3.8652998413e-01
1.6319865815e-01
1.3625692278e+03
-4.1446536378e-01
-2.6953883227e-01
120
-3.4081765488e-01
-4.6746861811e-01
-1.5227435031e+00
2.0947232647e+03
7.5889819974e-01
-3.2652849546e-01
121
-4.9920252915e-02
7.4536679484e-01
1.1884642051e+00
4.0753023721e+03
1.5976774084e-01
-8.9012491023e-01
122
4.3035044175e-01
8.2872830542e-01
7.6369334103e-01
4.9093771983e+03
5.9788730048e-01
-9.5938765403e-01
123
-3.0711012154e-01
-8.8897659974e-01
-4.9111454477e-01
3.9206670124e+03
1.1198285855e+00
4.9898547889e-01
124
-1.2239026914e-01
-3.6929210119e-01
-1.7957362854e-01
1.3240287303e+03
7.9287656336e-02
3.3876620856e-01
130
-1.8832421038e-01
-5.4695888104e-01
-1.5476939148e+00
2.2324968521e+03
1.0155787434e+00
-2.7265021676e-01
131
-4.0928104452e-01
8.0516653171e-01
1.2195824022e+00
4.1598932641e+03
-3.6784254793e-01
-9.6341678097e-01
132
-6.4834319933e-02
9.9204905489e-01
8.3769820402e-01
5.1547736275e+03
-1.2132450675e-01
-1.0896655758e+00
133
2.9998866392e-01
-8.9083094028e-01
-4.3465855368e-01
5.7070898472e+03
1.9722571554e+00
5.1080904386e-01
134
5.4027992166e-02
3.8494167806e-01
1.7952666256e-01
1.3239538137e+03
-1.7948013464e-02
-3.4746000637e-01
140
1.1963744769e-03
-5.9868305751e-01
-1.5377967153e+00
2.5937484755e+03
1.3302400067e+00
-1.7625321208e-01
141
-6.1275272764e-01
7.9824967091e-01
1.1837923793e+00
4.2566390862e+03
-1.1385911528e+00
-1.1059089745e+00
142
-4.3622962933e-01
1.0337680452e+00
8.3641957096e-01
5.9016263762e+03
-1.4165168649e+00
-1.4497023317e+00
143
-1.4898938275e-01
9.2921096552e-01
4.9098573633e-01
3.9194771941e+03
-7.5296504922e-01
-9.6690400285e-01
144
3.0444655981e-01
-3.6353487152e-01
-1.5051040804e-01
1.7984936601e+03
7.2245135877e-01
4.3925082182e-01
150
1.8312108063e-03
-4.7417845893e-01
-1.4758698955e+00
2.9437206390e+03
1.2911422965e+00
-1.9875576069e-01
151
-6.4041829559e-01
5.9861010735e-01
1.0976909907e+00
4.2844421457e+03
-1.3588592901e+00
-1.0396311143e+00
152
-7.4857144917e-01
7.3888003089e-01
7.4783059714e-01
6.8534071698e+03
-2.0552740067e+00
-1.5276515793e+00
153
-6.4804977340e-01
6.8093203006e-01
4.3446321595e-01
5.6970100451e+03
-1.5749937200e+00
-1.2934295984e+00
154
-3.5540763208e-01
3.1318391369e-01
1.5038987086e-01
1.7975066314e+03
-6.4842977290e-01
-5.4257652327e-01
160
2.0680996440e-03
4.7386731211e-01
1.4759682139e+00
2.9413766792e+03
1.2913966899e+00
1.9808932134e-01
161
-6.4069680471e-01
-5.9891004482e-01
-1.0976632939e+00
4.2853605378e+03
-1.3591858733e+00
1.0391754795e+00
162
-7.4821369354e-01
-7.3920491394e-01
-7.4779697223e-01
6.8540038165e+03
-2.0549957400e+00
1.5271178937e+00
163
-6.4830863473e-01
-6.8096247934e-01
-4.3457598352e-01
5.6971374052e+03
-1.5750188986e+00
1.2940565661e+00
164
-3.5502385799e-01
-3.1318637181e-01
-1.5032548898e-01
1.7962027784e+03
-6.4810736469e-01
5.4223953260e-01
170
1.2666780262e-03
5.9816315615e-01
1.5378736243e+00
2.5916373622e+03
1.3303301919e+00
1.7542943046e-01
171
-6.1253488753e-01
-7.9752578242e-01
-1.1839205843e+00
4.2521552714e+03
-1.1381081073e+00
1.1073772116e+00
172
-4.3627795715e-01
-1.0332501713e+00
-8.3647377738e-01
5.8991115065e+03
-1.4164216697e+00
1.4505595613e+00
173
-1.4912861009e-01
-9.2915351568e-01
-4.9101470064e-01
3.9187728683e+03
-7.5304460219e-01
9.6713188340e-01
174
3.0438771170e-01
3.6323116793e-01
1.5050759763e-01
1.7983347593e+03
7.2239071563e-01
-4.3954086060e-01
180
-1.8815023661e-01
5.4674189649e-01
1.5477273607e+00
2.2319086817e+03
1.0157811102e+00
2.7226745673e-01
181
-4.0910916475e-01
-8.0519198741e-01
-1.2196399153e+00
4.1586946580e+03
-3.6760198460e-01
9.6374324644e-01
182
-6.4933400391e-02
-9.9213985759e-01
-8.3769840866e-01
5.1550727270e+03
-1.2142327876e-01
1.0895760454e+00
183
3.0049038331e-01
8.9081447431e-01
4.3474266107e-01
5.7074326689e+03
1.9729251015e+00
-5.1120299238e-01
184
5.3835480060e-02
-3.8503295775e-01
-1.7954412545e-01
1.3238834600e+03
-1.8137767781e-02
3.4747756289e-01
190
-3.4069901440e-01
4.6750194009e-01
1.5226831628e+00
2.0938884128e+03
7.5895056584e-01
3.2686718598e-01
191
-4.9731383803e-02
-7.4547693259e-01
-1.1884745312e+00
4.0753275910e+03
1.5996361070e-01
8.9007622060e-01
192
4.3035325342e-01
-8.2908757441e-01
-7.6361162139e-01
4.9096948376e+03
5.9782225907e-01
9.5853864327e-01
193
-3.0728763371e-01
8.8838226121e-01
4.9102982436e-01
3.9200216387e+03
1.1194523771e+00
-4.9917878369e-01
194
-1.2237726650e-01
3.6936396005e-01
1.7960898112e-01
1.3248368616e+03
7.9359546451e-02
-3.3890500673e-01
200
-2.0241990199e-01
3.9512738094e-01
1.5240171975e+00
1.9853101221e+03
5.6239057981e-01
2.8510953611e-01
201
-3.7084010164e-01
-9.1305279351e-01
-1.1913884333e+00
4.4446928186e+03
6.4680010907e-01
9.6894887956e-01
202
4.6435121532e-02
1.0487186237e+00
7.4787166397e-01
6.8599721110e+03
2.5459533009e+00
2.7544745261e-01
203
-7.0583001627e-02
-8.1117970606e-01
-4.6344797002e-01
3.7803742282e+03
-2.4773609377e-01
8.0856419624e-01
204
-2.9601716130e-02
-3.8671084439e-01
-1.6322751721e-01
1.3634268262e+03
-4.1453545771e-01
2.6954686494e-01
210
-3.5909277723e-01
3.5903013522e-01
1.5361927684e+00
1.9652609369e+03
3.5824796263e-01
1.9185741021e-01
211
-3.4568321911e-02
-9.7310056315e-01
-1.2478239381e+00
5.0204799502e+03
1.1397766494e+00
1.2463832834e+00
212
-4.7320244804e-01
1.0146622807e+00
8.3638505352e-01
5.9040249333e+03
2.0269330244e+00
7.8170600333e-02
213
5.7209133634e-01
-5.9829234128e-01
-4.3483887750e-01
4.4618321354e+03
7.9253403279e-01
1.1249605072e+00
214
-3.4260950864e-02
3.8670284004e-01
1.6333621230e-01
1.3659855767e+03
4.5257637378e-01
-1.9889542363e-01
220
-4.1567078136e-01
2.7326201509e-01
1.5155142859e+00
1.8964352116e+03
4.8583740393e-02
3.8190018610e-02
221
3.9165029515e-01
-9.8550019468e-01
-1.2398369636e+00
6.5914973174e+03
1.8189466863e+00
1.7127978186e+00
222
-6.9464406034e-01
7.1355041648e-01
8.3766801991e-01
5.1545559629e+03
8.8994008683e-01
-6.3739144756e-01
223
-3.0042938917e-01
7.5759886813e-01
4.6343719101e-01
3.7803214473e+03
5.8206553140e-01
-6.1204766483e-01
224
3.8663063236e-01
-2.1209418408e-01
-1.4881893145e-01
1.5526337456e+03
2.9244491030e-01
6.2056857882e-01
230
-3.8095962140e-01
1.7420499916e-01
1.4776956408e+00
1.8325233307e+03
-5.4530160152e-02
2.1853819831e-02
231
4.5551773745e-01
-6.9474702180e-01
-1.1342381180e+00
8.5084586591e+03
1.8940794985e+00
1.8069160107e+00
232
-8.8616810094e-01
3.0144197846e-01
7.6355343561e-01
4.9075790406e+03
2.2877938890e-01
-1.1054278409e+00
233
-7.7174542233e-01
3.0122128652e-01
4.3464254748e-01
4.4575524997e+03
-2.4674932841e-01
-1.3536672808e+00
234
-4.1339764397e-01
1.5159571293e-01
1.4865540210e-01
1.5514224102e+03
-1.9750586067e-01
-6.5713217086e-01
240
-1.3768121292e-01
3.9521310290e-01
1.4777232392e+00
1.8318766399e+03
-1.6211113496e-02
5.5923820902e-02
241
-2.4011436492e-01
8.4267520413e-01
1.0976903050e+00
4.2881122684e+03
1.5455351830e+00
7.3573346388e-01
242
-9.1130201161e-02
-1.0704429493e+00
-8.4114433576e-01
4.3804655790e+03
-6.0665018321e-01
8.0722430055e-01
243
4.5901079907e-03
-8.5254608254e-01
-4.9335644477e-01
3.9471352309e+03
-1.2568537960e+00
1.8993856160e-01
244
4.7137893430e-02
-4.3592822537e-01
-1.7335984112e-01
1.4529046241e+03
-6.8409856412e-01
-4.1705177591e-02
250
-2.4891925189e-01
4.3062951347e-01
1.5155584821e+00
1.8959015058e+03
-3.9634038669e-02
-4.6076675914e-02
251
-5.0561264057e-01
8.6905686423e-01
1.1839187336e+00
4.2531536685e+03
1.4567916673e+00
6.3707615690e-01
252
2.7785176183e-01
-9.6430088907e-01
-9.1523749763e-01
4.9851324374e+03
-1.1519723511e-01
1.3864815282e+00
253
4.7863247807e-01
-4.6093006614e-01
-4.9514152868e-01
3.6961989486e+03
-4.2495774661e-01
8.5345696433e-01
254
-1.2168531210e-01
4.2122260165e-01
1.7341483300e-01
1.4526728088e+03
6.6685828657e-01
1.5885919952e-01
260
-3.4782421268e-01
3.7243592663e-01
1.5362341285e+00
1.9635685354e+03
-2.0531861674e-01
-3.5038655130e-01
261
-6.1737456583e-01
6.6352433883e-01
1.2196223684e+00
4.1583936886e+03
1.0292296067e+00
1.6092625642e-02
262
7.1629493649e-01
-8.7718270129e-01
-9.2635721791e-01
7.2610022155e+03
5.5900873025e-01
2.4008937208e+00
263
-4.0863122689e-01
7.4991986064e-01
4.9341162530e-01
3.9462018577e+03
1.1964001841e+00
4.2906442419e-01
264
3.1836113414e-01
-1.1867384330e-01
-1.7270927784e-01
1.3860774436e+03
-1.6739462865e-01
5.1584153375e-01
270
-3.8728125544e-01
2.2112024396e-01
1.5240078078e+00
1.9864823678e+03
-3.1320457403e-01
-5.4797218335e-01
271
-6.7627877644e-01
3.2453018155e-01
1.1884094110e+00
4.0757913892e+03
7.6256140258e-01
-4.8011823889e-01
272
8.2558796863e-01
-4.0580342201e-01
-8.2930369847e-01
1.0992233670e+04
6.8326229460e-01
2.8272601138e+00
273
-6.4161852253e-01
1.7731442661e-01
4.9512046171e-01
3.6972729024e+03
7.7786467115e-01
-5.4984005115e-01
274
-3.3392440850e-01
6.1591384898e-02
1.7270553285e-01
1.3864636114e+03
2.5362560895e-01
-4.7999762899e-01
280
-4.5179454144e-01
3.6220143229e-01
1.5228489888e+00
2.0913933255e+03
-3.6319698094e-01
-7.4314704125e-01
281
-7.1256892385e-01
6.8113255019e-01
1.1914299999e+00
4.4412202252e+03
6.5896473760e-01
-9.6117393492e-01
282
-7.3905334109e-01
7.8184692013e-01
8.4122073272e-01
4.3810145491e+03
1.0046712337e+00
-8.5522633730e-02
283
7.4363505084e-01
-4.2680680765e-01
-5.7711392264e-01
4.0928056022e+03
-3.9165997589e-01
1.4850375062e+00
284
3.0095835742e-01
-1.3799413655e-01
-2.1380845822e-01
1.2797992280e+03
-3.4716356998e-01
2.4525794675e-01
290
-5.4310509771e-01
1.9928941250e-01
1.5478240822e+00
2.2293722472e+03
-2.9588026596e-01
-1.0107221467e+00
291
-9.1236865717e-01
3.3890288063e-01
1.2478454892e+00
5.0196085922e+03
8.1978358405e-01
-1.4791420080e+00
292
-9.3430650667e-01
3.6623514750e-01
9.1534401717e-01
4.9878521704e+03
1.1694248587e+00
-7.5511297560e-01
293
7.4558855974e-01
6.2510237627e-02
-5.2557189035e-01
7.7274845226e+03
-5.3715775427e-01
2.1614770373e+00
294
-3.2326322165e-01
7.0603786766e-02
2.1385561932e-01
1.2809511036e+03
3.9166450148e-01
-1.6641275930e-01
300
-5.9685471475e-01
1.8103486859e-02
1.5380047941e+00
2.5917784705e+03
-2.1740559003e-01
-1.3241560690e+00
301
-1.0543242626e+00
-4.9409291520e-02
1.2401954988e+00
6.5921337664e+03
1.0359502933e+00
-2.2754512887e+00
302
-1.1266754098e+00
-4.3040134347e-02
9.2669433757e-01
7.2640665446e+03
1.5903791716e+00
-1.8858199560e+00
303
-8.5437241920e-01
-4.6663923801e-02
5.7718311346e-01
4.0942804344e+03
1.1405084937e+00
-1.0293307879e+00
304
2.7704849510e-01
2.2452486818e-01
-1.9662351835e-01
2.1495059531e+03
-5.4343912513e-01
7.5494423602e-01
310
-4.7138985268e-01
4.3175417889e-02
1.4761002231e+00
2.9416779964e+03
-3.1828676254e-01
-1.2665212058e+00
311
-8.1921446990e-01
-1.1727520550e-01
1.1346395080e+00
8.5018621828e+03
8.4195131672e-01
-2.4782204439e+00
312
-8.5479376889e-01
-3.2969614873e-01
8.2943721198e-01
1.0983359025e+04
1.6263462047e+00
-2.4080515351e+00
313
-6.1408587176e-01
-4.2524647580e-01
5.2540624276e-01
7.7217861695e+03
1.5478180640e+00
-1.5976390474e+00
314
-2.2813038423e-01
-2.7369900536e-01
1.9640232552e-01
2.1476170121e+03
6.7929850641e-01
-6.3369436480e-01
